Settings:	ppmTol: , SNthreshold=3, IntensityThreshold=1000, PeakDepthThreshold_HCD=25, PeakDepthThreshold_ETD=50, PeakDepthThreshold_UVPD=25, TICfraction_HCD=0.2, TICfraction_ETD=0.05, TICfraction_UVPD=0.2
version 0.5, Start Time: 08:56:18

	Total	HCD	ETD	UVPD	%Total	%HCD	%ETD	%UVPD
MS/MS Scans	14318	14318	0	0	100	1	0	0
MS/MS Scans with OxoIons	14112	14112	-2147483648	-2147483648	98.56125157144852	98.56125157144852	NaN	NaN
Likely Glyco	12983	12983	0	0	90.67607207710574	90.67607207710574	NaN	NaN
OxoCount_1	51	51	0	0	0.35619499930157844	0.35619499930157844	NaN	NaN
OxoCount_2	49	49	0	0	0.3422265679564185	0.3422265679564185	NaN	NaN
OxoCount_3	51	51	0	0	0.35619499930157844	0.35619499930157844	NaN	NaN
OxoCount_4	42	42	0	0	0.2933370582483587	0.2933370582483587	NaN	NaN
OxoCount_5+	13919	13919	0	0	97.2132979466406	97.2132979466406	NaN	NaN
\\\\\\\\\\\\\\\\\\\\\\\\\\\\\\\\\\\\\\\\\\\\\\\\\\\	\\\\\\\\\\	\\\\\\\\\\	\\\\\\\\\\	\\\\\\\\\\	\\\\\\\\\\	\\\\\\\\\\	\\\\\\\\\\	\\\\\\\\\\
	Total	HCD	ETD	UVPD	%Total	%HCD	%ETD	%UVPD
\\\\\\\\\\\\\\\\\\\\\\ HexNAc \\\\\\\\\\\\\\\\\\\\\	\\\\\\\\\\	\\\\\\\\\\	\\\\\\\\\\	\\\\\\\\\\	\\\\\\\\\\	\\\\\\\\\\	\\\\\\\\\\	\\\\\\\\\\
84.0444, HexNAc - C2H8O4	0	0	0	0	0	0	NaN	NaN
126.055, HexNAc - C2H6O3	13927	13927	0	0	97.26917167202124	97.26917167202124	NaN	NaN
138.055, HexNAc - CH6O3	14082	14082	0	0	98.35172510127113	98.35172510127113	NaN	NaN
144.0655, HexNAc - C2H4O2	13511	13511	0	0	94.36373795222796	94.36373795222796	NaN	NaN
168.0655, HexNAc - 2H2O	13975	13975	0	0	97.60441402430507	97.60441402430507	NaN	NaN
186.0761, HexNAc - H2O	13849	13849	0	0	96.72440284956	96.72440284956	NaN	NaN
204.0867, HexNAc	14022	14022	0	0	97.93267216091634	97.93267216091634	NaN	NaN
\\\\\\\\\\\\\\\\\\\\\\ Hex \\\\\\\\\\\\\\\\\\\\\	\\\\\\\\\\	\\\\\\\\\\	\\\\\\\\\\	\\\\\\\\\\	\\\\\\\\\\	\\\\\\\\\\	\\\\\\\\\\	\\\\\\\\\\
85.0284, Hex - C2H6O3	0	0	0	0	0	0	NaN	NaN
97.0284, Hex - CH6O3	0	0	0	0	0	0	NaN	NaN
127.0390, Hex - 2H2O	10936	10936	0	0	76.37938259533455	76.37938259533455	NaN	NaN
145.0495, Hex - H2O	8388	8388	0	0	58.58360106160079	58.58360106160079	NaN	NaN
163.0601, Hex	7033	7033	0	0	49.11998882525492	49.11998882525492	NaN	NaN
\\\\\\\\\\\\\\\\\\\\\\ Sialic \\\\\\\\\\\\\\\\\\\\\	\\\\\\\\\\	\\\\\\\\\\	\\\\\\\\\\	\\\\\\\\\\	\\\\\\\\\\	\\\\\\\\\\	\\\\\\\\\\	\\\\\\\\\\
274.0921, NeuAc-H2O	13780	13780	0	0	96.24249196815198	96.24249196815198	NaN	NaN
292.1027, NeuAc	13456	13456	0	0	93.97960609023606	93.97960609023606	NaN	NaN
316.103, NeuAc[Ac] - H2O	20	20	0	0	0.13968431345159937	0.13968431345159937	NaN	NaN
334.113, NeuAc[Ac]	8	8	0	0	0.055873725380639755	0.055873725380639755	NaN	NaN
290.0870, NeuGc - H2O	262	262	0	0	1.829864506215952	1.829864506215952	NaN	NaN
308.0976, NeuGc	119	119	0	0	0.8311216650370163	0.8311216650370163	NaN	NaN
332.098, NeuGc[Ac] - H2O	8	8	0	0	0.055873725380639755	0.055873725380639755	NaN	NaN
350.1081, NeuGc[Ac]	5	5	0	0	0.03492107836289984	0.03492107836289984	NaN	NaN
\\\\\\\\\\\\\\\\\\\\\\ M6P \\\\\\\\\\\\\\\\\\\\\	\\\\\\\\\\	\\\\\\\\\\	\\\\\\\\\\	\\\\\\\\\\	\\\\\\\\\\	\\\\\\\\\\	\\\\\\\\\\	\\\\\\\\\\
243.0264, Man-P	112	112	0	0	0.7822321553289565	0.7822321553289565	NaN	NaN
405.0798, Man2-P	34	34	0	0	0.23746333286771898	0.23746333286771898	NaN	NaN
\\\\\\\\\\\\\\\\\\\\\\ Oligo \\\\\\\\\\\\\\\\\\\\\	\\\\\\\\\\	\\\\\\\\\\	\\\\\\\\\\	\\\\\\\\\\	\\\\\\\\\\	\\\\\\\\\\	\\\\\\\\\\	\\\\\\\\\\
325.1129, Hex2	797	797	0	0	5.566419891046236	5.566419891046236	NaN	NaN
366.1395, HexNAc-Hex	13932	13932	0	0	97.30409275038413	97.30409275038413	NaN	NaN
407.1660, HexNAc2	922	922	0	0	6.439446850118731	6.439446850118731	NaN	NaN
454.1555, Hex-NeuAc	8579	8579	0	0	59.91758625506356	59.91758625506356	NaN	NaN
470.1503, Hex-NeuGc	39	39	0	0	0.27238441123061885	0.27238441123061885	NaN	NaN
495.1821, HexNAc-NeuAc	2152	2152	0	0	15.030032127392094	15.030032127392094	NaN	NaN
511.1769, HexNAc-NeuGc	294	294	0	0	2.053359407738511	2.053359407738511	NaN	NaN
528.1923, HexNAc-Hex2	11990	11990	0	0	83.74074591423383	83.74074591423383	NaN	NaN
537.1927, HexNAc-NeuAc[Ac]	38	38	0	0	0.26540019555803884	0.26540019555803884	NaN	NaN
553.1875, HexNAc-NeuGc[Ac]	5	5	0	0	0.03492107836289984	0.03492107836289984	NaN	NaN
569.2188, HexNAc2-Hex	2939	2939	0	0	20.52660986171253	20.52660986171253	NaN	NaN
657.2349, HexNAc-Hex-NeuAc	13013	13013	0	0	90.88559854728314	90.88559854728314	NaN	NaN
673.2297, HexNAc-Hex-NeuGc	115	115	0	0	0.8031848023466964	0.8031848023466964	NaN	NaN
690.2451, HexNAc-Hex3	6809	6809	0	0	47.55552451459701	47.55552451459701	NaN	NaN
731.2717, HexNAc2-Hex2 (diLacNAc)	6284	6284	0	0	43.888811286492526	43.888811286492526	NaN	NaN
819.2877, HexNAc-Hex2-NeuAc	5143	5143	0	0	35.91982120407879	35.91982120407879	NaN	NaN
835.2825, HexNAc-Hex2-NeuGc	18	18	0	0	0.12571588210643944	0.12571588210643944	NaN	NaN
860.3143, HexNAc2-Hex-NeuAc	14	14	0	0	0.09777901941611956	0.09777901941611956	NaN	NaN
876.3091, HexNAc2-Hex-NeuGc	5	5	0	0	0.03492107836289984	0.03492107836289984	NaN	NaN
893.3245, HexNAc2-Hex3	5582	5582	0	0	38.98589188434139	38.98589188434139	NaN	NaN
948.3303, HexNAc-Hex-NeuAc2	428	428	0	0	2.989244307864227	2.989244307864227	NaN	NaN
964.3251, HexNAc-Hex-NeuGc2	2	2	0	0	0.013968431345159939	0.013968431345159939	NaN	NaN
1022.3671, HexNAc2-Hex2-NeuAc1	271	271	0	0	1.8927224472691715	1.8927224472691715	NaN	NaN
1038.3619, HexNAc2-Hex2-NeuGc1	8	8	0	0	0.055873725380639755	0.055873725380639755	NaN	NaN
1313.4625, HexNAc2-Hex2-NeuAc2	5	5	0	0	0.03492107836289984	0.03492107836289984	NaN	NaN
1329.4573, HexNAc2-Hex2-NeuGc2	1	1	0	0	0.006984215672579969	0.006984215672579969	NaN	NaN
\\\\\\\\\\\\\\\\\\\\\\ Fucose \\\\\\\\\\\\\\\\\\\\\	\\\\\\\\\\	\\\\\\\\\\	\\\\\\\\\\	\\\\\\\\\\	\\\\\\\\\\	\\\\\\\\\\	\\\\\\\\\\	\\\\\\\\\\
350.1446, HexNAc-dHex	900	900	0	0	6.285794105321972	6.285794105321972	NaN	NaN
512.1974, HexNAc-Hex-dHex (LeX/A)	4478	4478	0	0	31.2753177818131	31.2753177818131	NaN	NaN
674.2502, HexNAc-Hex2-dHex	195	195	0	0	1.361922056153094	1.361922056153094	NaN	NaN
803.2928, HexNAc-Hex-dHex-NeuAc (sLeX/A)	2093	2093	0	0	14.617963402709877	14.617963402709877	NaN	NaN
819.2908, HexNAc-Hex-dHex-NeuGc	5134	5134	0	0	35.85696326302556	35.85696326302556	NaN	NaN
877.3296, HexNAc2-Hex2-dHex (diLacNAc-Fuc)	203	203	0	0	1.4177957815337336	1.4177957815337336	NaN	NaN
