Settings:	ppmTol: , SNthreshold=3, IntensityThreshold=1000, PeakDepthThreshold_HCD=25, PeakDepthThreshold_ETD=50, PeakDepthThreshold_UVPD=25, TICfraction_HCD=0.2, TICfraction_ETD=0.05, TICfraction_UVPD=0.2
version 0.5, Start Time: 08:56:18

	Total	HCD	ETD	UVPD	%Total	%HCD	%ETD	%UVPD
MS/MS Scans	14397	14397	0	0	100	1	0	0
MS/MS Scans with OxoIons	14153	14153	-2147483648	-2147483648	98.30520247273736	98.30520247273736	NaN	NaN
Likely Glyco	13082	13082	0	0	90.86615267069529	90.86615267069529	NaN	NaN
OxoCount_1	32	32	0	0	0.22226852816559006	0.22226852816559006	NaN	NaN
OxoCount_2	33	33	0	0	0.22921441967076475	0.22921441967076475	NaN	NaN
OxoCount_3	27	27	0	0	0.18753907063971662	0.18753907063971662	NaN	NaN
OxoCount_4	25	25	0	0	0.17364728762936724	0.17364728762936724	NaN	NaN
OxoCount_5+	14036	14036	0	0	97.49253316663193	97.49253316663193	NaN	NaN
\\\\\\\\\\\\\\\\\\\\\\\\\\\\\\\\\\\\\\\\\\\\\\\\\\\	\\\\\\\\\\	\\\\\\\\\\	\\\\\\\\\\	\\\\\\\\\\	\\\\\\\\\\	\\\\\\\\\\	\\\\\\\\\\	\\\\\\\\\\
	Total	HCD	ETD	UVPD	%Total	%HCD	%ETD	%UVPD
\\\\\\\\\\\\\\\\\\\\\\ HexNAc \\\\\\\\\\\\\\\\\\\\\	\\\\\\\\\\	\\\\\\\\\\	\\\\\\\\\\	\\\\\\\\\\	\\\\\\\\\\	\\\\\\\\\\	\\\\\\\\\\	\\\\\\\\\\
84.0444, HexNAc - C2H8O4	0	0	0	0	0	0	NaN	NaN
126.055, HexNAc - C2H6O3	14054	14054	0	0	97.61755921372509	97.61755921372509	NaN	NaN
138.055, HexNAc - CH6O3	14132	14132	0	0	98.15933875112871	98.15933875112871	NaN	NaN
144.0655, HexNAc - C2H4O2	13749	13749	0	0	95.4990623046468	95.4990623046468	NaN	NaN
168.0655, HexNAc - 2H2O	14061	14061	0	0	97.66618045426131	97.66618045426131	NaN	NaN
186.0761, HexNAc - H2O	13993	13993	0	0	97.19385983190942	97.19385983190942	NaN	NaN
204.0867, HexNAc	14091	14091	0	0	97.87455719941654	97.87455719941654	NaN	NaN
\\\\\\\\\\\\\\\\\\\\\\ Hex \\\\\\\\\\\\\\\\\\\\\	\\\\\\\\\\	\\\\\\\\\\	\\\\\\\\\\	\\\\\\\\\\	\\\\\\\\\\	\\\\\\\\\\	\\\\\\\\\\	\\\\\\\\\\
85.0284, Hex - C2H6O3	0	0	0	0	0	0	NaN	NaN
97.0284, Hex - CH6O3	0	0	0	0	0	0	NaN	NaN
127.0390, Hex - 2H2O	11739	11739	0	0	81.53782037924567	81.53782037924567	NaN	NaN
145.0495, Hex - H2O	9502	9502	0	0	65.9998610821699	65.9998610821699	NaN	NaN
163.0601, Hex	8261	8261	0	0	57.380009724248104	57.380009724248104	NaN	NaN
\\\\\\\\\\\\\\\\\\\\\\ Sialic \\\\\\\\\\\\\\\\\\\\\	\\\\\\\\\\	\\\\\\\\\\	\\\\\\\\\\	\\\\\\\\\\	\\\\\\\\\\	\\\\\\\\\\	\\\\\\\\\\	\\\\\\\\\\
274.0921, NeuAc-H2O	13879	13879	0	0	96.4020282003195	96.4020282003195	NaN	NaN
292.1027, NeuAc	13613	13613	0	0	94.55442105994304	94.55442105994304	NaN	NaN
316.103, NeuAc[Ac] - H2O	13	13	0	0	0.09029658956727095	0.09029658956727095	NaN	NaN
334.113, NeuAc[Ac]	2	2	0	0	0.013891783010349379	0.013891783010349379	NaN	NaN
290.0870, NeuGc - H2O	217	217	0	0	1.5072584566229075	1.5072584566229075	NaN	NaN
308.0976, NeuGc	100	100	0	0	0.694589150517469	0.694589150517469	NaN	NaN
332.098, NeuGc[Ac] - H2O	6	6	0	0	0.04167534903104814	0.04167534903104814	NaN	NaN
350.1081, NeuGc[Ac]	1	1	0	0	0.0069458915051746895	0.0069458915051746895	NaN	NaN
\\\\\\\\\\\\\\\\\\\\\\ M6P \\\\\\\\\\\\\\\\\\\\\	\\\\\\\\\\	\\\\\\\\\\	\\\\\\\\\\	\\\\\\\\\\	\\\\\\\\\\	\\\\\\\\\\	\\\\\\\\\\	\\\\\\\\\\
243.0264, Man-P	107	107	0	0	0.7432103910536917	0.7432103910536917	NaN	NaN
405.0798, Man2-P	32	32	0	0	0.22226852816559006	0.22226852816559006	NaN	NaN
\\\\\\\\\\\\\\\\\\\\\\ Oligo \\\\\\\\\\\\\\\\\\\\\	\\\\\\\\\\	\\\\\\\\\\	\\\\\\\\\\	\\\\\\\\\\	\\\\\\\\\\	\\\\\\\\\\	\\\\\\\\\\	\\\\\\\\\\
325.1129, Hex2	1010	1010	0	0	7.0153504202264365	7.0153504202264365	NaN	NaN
366.1395, HexNAc-Hex	14032	14032	0	0	97.46474960061123	97.46474960061123	NaN	NaN
407.1660, HexNAc2	1201	1201	0	0	8.342015697714801	8.342015697714801	NaN	NaN
454.1555, Hex-NeuAc	9423	9423	0	0	65.45113565326109	65.45113565326109	NaN	NaN
470.1503, Hex-NeuGc	38	38	0	0	0.2639438771966382	0.2639438771966382	NaN	NaN
495.1821, HexNAc-NeuAc	2568	2568	0	0	17.8370493852886	17.8370493852886	NaN	NaN
511.1769, HexNAc-NeuGc	202	202	0	0	1.4030700840452872	1.4030700840452872	NaN	NaN
528.1923, HexNAc-Hex2	12630	12630	0	0	87.72660971035633	87.72660971035633	NaN	NaN
537.1927, HexNAc-NeuAc[Ac]	34	34	0	0	0.2361603111759394	0.2361603111759394	NaN	NaN
553.1875, HexNAc-NeuGc[Ac]	6	6	0	0	0.04167534903104814	0.04167534903104814	NaN	NaN
569.2188, HexNAc2-Hex	3178	3178	0	0	22.07404320344516	22.07404320344516	NaN	NaN
657.2349, HexNAc-Hex-NeuAc	13198	13198	0	0	91.67187608529555	91.67187608529555	NaN	NaN
673.2297, HexNAc-Hex-NeuGc	94	94	0	0	0.6529138014864208	0.6529138014864208	NaN	NaN
690.2451, HexNAc-Hex3	7924	7924	0	0	55.03924428700424	55.03924428700424	NaN	NaN
731.2717, HexNAc2-Hex2 (diLacNAc)	6732	6732	0	0	46.75974161283601	46.75974161283601	NaN	NaN
819.2877, HexNAc-Hex2-NeuAc	5942	5942	0	0	41.272487323748	41.272487323748	NaN	NaN
835.2825, HexNAc-Hex2-NeuGc	18	18	0	0	0.1250260470931444	0.1250260470931444	NaN	NaN
860.3143, HexNAc2-Hex-NeuAc	12	12	0	0	0.08335069806209627	0.08335069806209627	NaN	NaN
876.3091, HexNAc2-Hex-NeuGc	6	6	0	0	0.04167534903104814	0.04167534903104814	NaN	NaN
893.3245, HexNAc2-Hex3	6560	6560	0	0	45.56504827394596	45.56504827394596	NaN	NaN
948.3303, HexNAc-Hex-NeuAc2	513	513	0	0	3.5632423421546155	3.5632423421546155	NaN	NaN
964.3251, HexNAc-Hex-NeuGc2	1	1	0	0	0.0069458915051746895	0.0069458915051746895	NaN	NaN
1022.3671, HexNAc2-Hex2-NeuAc1	304	304	0	0	2.1115510175731056	2.1115510175731056	NaN	NaN
1038.3619, HexNAc2-Hex2-NeuGc1	13	13	0	0	0.09029658956727095	0.09029658956727095	NaN	NaN
1313.4625, HexNAc2-Hex2-NeuAc2	9	9	0	0	0.0625130235465722	0.0625130235465722	NaN	NaN
1329.4573, HexNAc2-Hex2-NeuGc2	4	4	0	0	0.027783566020698758	0.027783566020698758	NaN	NaN
\\\\\\\\\\\\\\\\\\\\\\ Fucose \\\\\\\\\\\\\\\\\\\\\	\\\\\\\\\\	\\\\\\\\\\	\\\\\\\\\\	\\\\\\\\\\	\\\\\\\\\\	\\\\\\\\\\	\\\\\\\\\\	\\\\\\\\\\
350.1446, HexNAc-dHex	1197	1197	0	0	8.314232131694103	8.314232131694103	NaN	NaN
512.1974, HexNAc-Hex-dHex (LeX/A)	4594	4594	0	0	31.90942557477252	31.90942557477252	NaN	NaN
674.2502, HexNAc-Hex2-dHex	319	319	0	0	2.215739390150726	2.215739390150726	NaN	NaN
803.2928, HexNAc-Hex-dHex-NeuAc (sLeX/A)	2267	2267	0	0	15.746336042231022	15.746336042231022	NaN	NaN
819.2908, HexNAc-Hex-dHex-NeuGc	5933	5933	0	0	41.20997430020143	41.20997430020143	NaN	NaN
877.3296, HexNAc2-Hex2-dHex (diLacNAc-Fuc)	176	176	0	0	1.2224769049107453	1.2224769049107453	NaN	NaN
