Settings:	ppmTol: , SNthreshold=3, IntensityThreshold=1000, PeakDepthThreshold_HCD=25, PeakDepthThreshold_ETD=50, PeakDepthThreshold_UVPD=25, TICfraction_HCD=0.2, TICfraction_ETD=0.05, TICfraction_UVPD=0.2
version 0.5, Start Time: 08:56:18

	Total	HCD	ETD	UVPD	%Total	%HCD	%ETD	%UVPD
MS/MS Scans	14375	14375	0	0	100	1	0	0
MS/MS Scans with OxoIons	14195	14195	-2147483648	-2147483648	98.74782608695652	98.74782608695652	NaN	NaN
Likely Glyco	13198	13198	0	0	91.81217391304348	91.81217391304348	NaN	NaN
OxoCount_1	64	64	0	0	0.4452173913043478	0.4452173913043478	NaN	NaN
OxoCount_2	26	26	0	0	0.1808695652173913	0.1808695652173913	NaN	NaN
OxoCount_3	45	45	0	0	0.3130434782608696	0.3130434782608696	NaN	NaN
OxoCount_4	33	33	0	0	0.22956521739130434	0.22956521739130434	NaN	NaN
OxoCount_5+	14027	14027	0	0	97.57913043478261	97.57913043478261	NaN	NaN
\\\\\\\\\\\\\\\\\\\\\\\\\\\\\\\\\\\\\\\\\\\\\\\\\\\	\\\\\\\\\\	\\\\\\\\\\	\\\\\\\\\\	\\\\\\\\\\	\\\\\\\\\\	\\\\\\\\\\	\\\\\\\\\\	\\\\\\\\\\
	Total	HCD	ETD	UVPD	%Total	%HCD	%ETD	%UVPD
\\\\\\\\\\\\\\\\\\\\\\ HexNAc \\\\\\\\\\\\\\\\\\\\\	\\\\\\\\\\	\\\\\\\\\\	\\\\\\\\\\	\\\\\\\\\\	\\\\\\\\\\	\\\\\\\\\\	\\\\\\\\\\	\\\\\\\\\\
84.0444, HexNAc - C2H8O4	0	0	0	0	0	0	NaN	NaN
126.055, HexNAc - C2H6O3	14060	14060	0	0	97.80869565217391	97.80869565217391	NaN	NaN
138.055, HexNAc - CH6O3	14156	14156	0	0	98.47652173913043	98.47652173913043	NaN	NaN
144.0655, HexNAc - C2H4O2	13638	13638	0	0	94.87304347826087	94.87304347826087	NaN	NaN
168.0655, HexNAc - 2H2O	14059	14059	0	0	97.80173913043478	97.80173913043478	NaN	NaN
186.0761, HexNAc - H2O	13963	13963	0	0	97.13391304347826	97.13391304347826	NaN	NaN
204.0867, HexNAc	14105	14105	0	0	98.12173913043478	98.12173913043478	NaN	NaN
\\\\\\\\\\\\\\\\\\\\\\ Hex \\\\\\\\\\\\\\\\\\\\\	\\\\\\\\\\	\\\\\\\\\\	\\\\\\\\\\	\\\\\\\\\\	\\\\\\\\\\	\\\\\\\\\\	\\\\\\\\\\	\\\\\\\\\\
85.0284, Hex - C2H6O3	0	0	0	0	0	0	NaN	NaN
97.0284, Hex - CH6O3	0	0	0	0	0	0	NaN	NaN
127.0390, Hex - 2H2O	11509	11509	0	0	80.06260869565217	80.06260869565217	NaN	NaN
145.0495, Hex - H2O	9356	9356	0	0	65.08521739130435	65.08521739130435	NaN	NaN
163.0601, Hex	8028	8028	0	0	55.84695652173913	55.84695652173913	NaN	NaN
\\\\\\\\\\\\\\\\\\\\\\ Sialic \\\\\\\\\\\\\\\\\\\\\	\\\\\\\\\\	\\\\\\\\\\	\\\\\\\\\\	\\\\\\\\\\	\\\\\\\\\\	\\\\\\\\\\	\\\\\\\\\\	\\\\\\\\\\
274.0921, NeuAc-H2O	13908	13908	0	0	96.75130434782608	96.75130434782608	NaN	NaN
292.1027, NeuAc	13615	13615	0	0	94.71304347826087	94.71304347826087	NaN	NaN
316.103, NeuAc[Ac] - H2O	54	54	0	0	0.3756521739130435	0.3756521739130435	NaN	NaN
334.113, NeuAc[Ac]	13	13	0	0	0.09043478260869565	0.09043478260869565	NaN	NaN
290.0870, NeuGc - H2O	221	221	0	0	1.537391304347826	1.537391304347826	NaN	NaN
308.0976, NeuGc	91	91	0	0	0.6330434782608696	0.6330434782608696	NaN	NaN
332.098, NeuGc[Ac] - H2O	15	15	0	0	0.10434782608695652	0.10434782608695652	NaN	NaN
350.1081, NeuGc[Ac]	4	4	0	0	0.027826086956521737	0.027826086956521737	NaN	NaN
\\\\\\\\\\\\\\\\\\\\\\ M6P \\\\\\\\\\\\\\\\\\\\\	\\\\\\\\\\	\\\\\\\\\\	\\\\\\\\\\	\\\\\\\\\\	\\\\\\\\\\	\\\\\\\\\\	\\\\\\\\\\	\\\\\\\\\\
243.0264, Man-P	98	98	0	0	0.6817391304347826	0.6817391304347826	NaN	NaN
405.0798, Man2-P	31	31	0	0	0.21565217391304345	0.21565217391304345	NaN	NaN
\\\\\\\\\\\\\\\\\\\\\\ Oligo \\\\\\\\\\\\\\\\\\\\\	\\\\\\\\\\	\\\\\\\\\\	\\\\\\\\\\	\\\\\\\\\\	\\\\\\\\\\	\\\\\\\\\\	\\\\\\\\\\	\\\\\\\\\\
325.1129, Hex2	1025	1025	0	0	7.130434782608695	7.130434782608695	NaN	NaN
366.1395, HexNAc-Hex	14011	14011	0	0	97.46782608695652	97.46782608695652	NaN	NaN
407.1660, HexNAc2	1500	1500	0	0	10.434782608695652	10.434782608695652	NaN	NaN
454.1555, Hex-NeuAc	9777	9777	0	0	68.01391304347825	68.01391304347825	NaN	NaN
470.1503, Hex-NeuGc	38	38	0	0	0.26434782608695656	0.26434782608695656	NaN	NaN
495.1821, HexNAc-NeuAc	3283	3283	0	0	22.838260869565215	22.838260869565215	NaN	NaN
511.1769, HexNAc-NeuGc	157	157	0	0	1.0921739130434782	1.0921739130434782	NaN	NaN
528.1923, HexNAc-Hex2	12330	12330	0	0	85.77391304347826	85.77391304347826	NaN	NaN
537.1927, HexNAc-NeuAc[Ac]	24	24	0	0	0.16695652173913045	0.16695652173913045	NaN	NaN
553.1875, HexNAc-NeuGc[Ac]	5	5	0	0	0.034782608695652174	0.034782608695652174	NaN	NaN
569.2188, HexNAc2-Hex	4157	4157	0	0	28.918260869565216	28.918260869565216	NaN	NaN
657.2349, HexNAc-Hex-NeuAc	13205	13205	0	0	91.8608695652174	91.8608695652174	NaN	NaN
673.2297, HexNAc-Hex-NeuGc	92	92	0	0	0.64	0.64	NaN	NaN
690.2451, HexNAc-Hex3	7879	7879	0	0	54.810434782608695	54.810434782608695	NaN	NaN
731.2717, HexNAc2-Hex2 (diLacNAc)	7210	7210	0	0	50.15652173913043	50.15652173913043	NaN	NaN
819.2877, HexNAc-Hex2-NeuAc	6727	6727	0	0	46.796521739130434	46.796521739130434	NaN	NaN
835.2825, HexNAc-Hex2-NeuGc	16	16	0	0	0.11130434782608695	0.11130434782608695	NaN	NaN
860.3143, HexNAc2-Hex-NeuAc	30	30	0	0	0.20869565217391303	0.20869565217391303	NaN	NaN
876.3091, HexNAc2-Hex-NeuGc	2	2	0	0	0.013913043478260868	0.013913043478260868	NaN	NaN
893.3245, HexNAc2-Hex3	6869	6869	0	0	47.78434782608696	47.78434782608696	NaN	NaN
948.3303, HexNAc-Hex-NeuAc2	571	571	0	0	3.972173913043478	3.972173913043478	NaN	NaN
964.3251, HexNAc-Hex-NeuGc2	6	6	0	0	0.04173913043478261	0.04173913043478261	NaN	NaN
1022.3671, HexNAc2-Hex2-NeuAc1	380	380	0	0	2.6434782608695655	2.6434782608695655	NaN	NaN
1038.3619, HexNAc2-Hex2-NeuGc1	13	13	0	0	0.09043478260869565	0.09043478260869565	NaN	NaN
1313.4625, HexNAc2-Hex2-NeuAc2	7	7	0	0	0.04869565217391304	0.04869565217391304	NaN	NaN
1329.4573, HexNAc2-Hex2-NeuGc2	4	4	0	0	0.027826086956521737	0.027826086956521737	NaN	NaN
\\\\\\\\\\\\\\\\\\\\\\ Fucose \\\\\\\\\\\\\\\\\\\\\	\\\\\\\\\\	\\\\\\\\\\	\\\\\\\\\\	\\\\\\\\\\	\\\\\\\\\\	\\\\\\\\\\	\\\\\\\\\\	\\\\\\\\\\
350.1446, HexNAc-dHex	1366	1366	0	0	9.502608695652173	9.502608695652173	NaN	NaN
512.1974, HexNAc-Hex-dHex (LeX/A)	5570	5570	0	0	38.74782608695652	38.74782608695652	NaN	NaN
674.2502, HexNAc-Hex2-dHex	318	318	0	0	2.212173913043478	2.212173913043478	NaN	NaN
803.2928, HexNAc-Hex-dHex-NeuAc (sLeX/A)	3162	3162	0	0	21.996521739130433	21.996521739130433	NaN	NaN
819.2908, HexNAc-Hex-dHex-NeuGc	6723	6723	0	0	46.76869565217391	46.76869565217391	NaN	NaN
877.3296, HexNAc2-Hex2-dHex (diLacNAc-Fuc)	153	153	0	0	1.0643478260869565	1.0643478260869565	NaN	NaN
