Settings:	ppmTol: , SNthreshold=3, IntensityThreshold=1000, PeakDepthThreshold_HCD=25, PeakDepthThreshold_ETD=50, PeakDepthThreshold_UVPD=25, TICfraction_HCD=0.2, TICfraction_ETD=0.05, TICfraction_UVPD=0.2
version 0.5, Start Time: 08:56:18

	Total	HCD	ETD	UVPD	%Total	%HCD	%ETD	%UVPD
MS/MS Scans	14394	14394	0	0	100	1	0	0
MS/MS Scans with OxoIons	14226	14226	-2147483648	-2147483648	98.8328470195915	98.8328470195915	NaN	NaN
Likely Glyco	13377	13377	0	0	92.9345560650271	92.9345560650271	NaN	NaN
OxoCount_1	29	29	0	0	0.20147283590384882	0.20147283590384882	NaN	NaN
OxoCount_2	9	9	0	0	0.06252605252188412	0.06252605252188412	NaN	NaN
OxoCount_3	16	16	0	0	0.11115742670557177	0.11115742670557177	NaN	NaN
OxoCount_4	15	15	0	0	0.10421008753647354	0.10421008753647354	NaN	NaN
OxoCount_5+	14157	14157	0	0	98.35348061692372	98.35348061692372	NaN	NaN
\\\\\\\\\\\\\\\\\\\\\\\\\\\\\\\\\\\\\\\\\\\\\\\\\\\	\\\\\\\\\\	\\\\\\\\\\	\\\\\\\\\\	\\\\\\\\\\	\\\\\\\\\\	\\\\\\\\\\	\\\\\\\\\\	\\\\\\\\\\
	Total	HCD	ETD	UVPD	%Total	%HCD	%ETD	%UVPD
\\\\\\\\\\\\\\\\\\\\\\ HexNAc \\\\\\\\\\\\\\\\\\\\\	\\\\\\\\\\	\\\\\\\\\\	\\\\\\\\\\	\\\\\\\\\\	\\\\\\\\\\	\\\\\\\\\\	\\\\\\\\\\	\\\\\\\\\\
84.0444, HexNAc - C2H8O4	0	0	0	0	0	0	NaN	NaN
126.055, HexNAc - C2H6O3	14154	14154	0	0	98.33263859941643	98.33263859941643	NaN	NaN
138.055, HexNAc - CH6O3	14207	14207	0	0	98.70084757537863	98.70084757537863	NaN	NaN
144.0655, HexNAc - C2H4O2	13928	13928	0	0	96.76253994720022	96.76253994720022	NaN	NaN
168.0655, HexNAc - 2H2O	14173	14173	0	0	98.4646380436293	98.4646380436293	NaN	NaN
186.0761, HexNAc - H2O	14120	14120	0	0	98.09642906766707	98.09642906766707	NaN	NaN
204.0867, HexNAc	14187	14187	0	0	98.56190079199666	98.56190079199666	NaN	NaN
\\\\\\\\\\\\\\\\\\\\\\ Hex \\\\\\\\\\\\\\\\\\\\\	\\\\\\\\\\	\\\\\\\\\\	\\\\\\\\\\	\\\\\\\\\\	\\\\\\\\\\	\\\\\\\\\\	\\\\\\\\\\	\\\\\\\\\\
85.0284, Hex - C2H6O3	0	0	0	0	0	0	NaN	NaN
97.0284, Hex - CH6O3	0	0	0	0	0	0	NaN	NaN
127.0390, Hex - 2H2O	12141	12141	0	0	84.34764485202167	84.34764485202167	NaN	NaN
145.0495, Hex - H2O	9947	9947	0	0	69.10518271502015	69.10518271502015	NaN	NaN
163.0601, Hex	8409	8409	0	0	58.42017507294705	58.42017507294705	NaN	NaN
\\\\\\\\\\\\\\\\\\\\\\ Sialic \\\\\\\\\\\\\\\\\\\\\	\\\\\\\\\\	\\\\\\\\\\	\\\\\\\\\\	\\\\\\\\\\	\\\\\\\\\\	\\\\\\\\\\	\\\\\\\\\\	\\\\\\\\\\
274.0921, NeuAc-H2O	14055	14055	0	0	97.6448520216757	97.6448520216757	NaN	NaN
292.1027, NeuAc	13862	13862	0	0	96.30401556203974	96.30401556203974	NaN	NaN
316.103, NeuAc[Ac] - H2O	51	51	0	0	0.35431429762401	0.35431429762401	NaN	NaN
334.113, NeuAc[Ac]	15	15	0	0	0.10421008753647354	0.10421008753647354	NaN	NaN
290.0870, NeuGc - H2O	211	211	0	0	1.4658885646797277	1.4658885646797277	NaN	NaN
308.0976, NeuGc	87	87	0	0	0.6044185077115465	0.6044185077115465	NaN	NaN
332.098, NeuGc[Ac] - H2O	13	13	0	0	0.09031540919827706	0.09031540919827706	NaN	NaN
350.1081, NeuGc[Ac]	6	6	0	0	0.041684035014589414	0.041684035014589414	NaN	NaN
\\\\\\\\\\\\\\\\\\\\\\ M6P \\\\\\\\\\\\\\\\\\\\\	\\\\\\\\\\	\\\\\\\\\\	\\\\\\\\\\	\\\\\\\\\\	\\\\\\\\\\	\\\\\\\\\\	\\\\\\\\\\	\\\\\\\\\\
243.0264, Man-P	82	82	0	0	0.5696818118660553	0.5696818118660553	NaN	NaN
405.0798, Man2-P	24	24	0	0	0.16673614005835766	0.16673614005835766	NaN	NaN
\\\\\\\\\\\\\\\\\\\\\\ Oligo \\\\\\\\\\\\\\\\\\\\\	\\\\\\\\\\	\\\\\\\\\\	\\\\\\\\\\	\\\\\\\\\\	\\\\\\\\\\	\\\\\\\\\\	\\\\\\\\\\	\\\\\\\\\\
325.1129, Hex2	992	992	0	0	6.891760455745449	6.891760455745449	NaN	NaN
366.1395, HexNAc-Hex	14148	14148	0	0	98.29095456440183	98.29095456440183	NaN	NaN
407.1660, HexNAc2	1543	1543	0	0	10.719744337918577	10.719744337918577	NaN	NaN
454.1555, Hex-NeuAc	10314	10314	0	0	71.6548561900792	71.6548561900792	NaN	NaN
470.1503, Hex-NeuGc	30	30	0	0	0.20842017507294708	0.20842017507294708	NaN	NaN
495.1821, HexNAc-NeuAc	3703	3703	0	0	25.725996943170763	25.725996943170763	NaN	NaN
511.1769, HexNAc-NeuGc	144	144	0	0	1.0004168403501459	1.0004168403501459	NaN	NaN
528.1923, HexNAc-Hex2	12972	12972	0	0	90.12088370154231	90.12088370154231	NaN	NaN
537.1927, HexNAc-NeuAc[Ac]	26	26	0	0	0.18063081839655412	0.18063081839655412	NaN	NaN
553.1875, HexNAc-NeuGc[Ac]	9	9	0	0	0.06252605252188412	0.06252605252188412	NaN	NaN
569.2188, HexNAc2-Hex	4254	4254	0	0	29.553980825343896	29.553980825343896	NaN	NaN
657.2349, HexNAc-Hex-NeuAc	13547	13547	0	0	94.1156037237738	94.1156037237738	NaN	NaN
673.2297, HexNAc-Hex-NeuGc	91	91	0	0	0.6322078643879394	0.6322078643879394	NaN	NaN
690.2451, HexNAc-Hex3	8582	8582	0	0	59.62206474920105	59.62206474920105	NaN	NaN
731.2717, HexNAc2-Hex2 (diLacNAc)	7846	7846	0	0	54.50882312074475	54.50882312074475	NaN	NaN
819.2877, HexNAc-Hex2-NeuAc	7303	7303	0	0	50.736417951924416	50.736417951924416	NaN	NaN
835.2825, HexNAc-Hex2-NeuGc	16	16	0	0	0.11115742670557177	0.11115742670557177	NaN	NaN
860.3143, HexNAc2-Hex-NeuAc	21	21	0	0	0.14589412255106293	0.14589412255106293	NaN	NaN
876.3091, HexNAc2-Hex-NeuGc	4	4	0	0	0.027789356676392943	0.027789356676392943	NaN	NaN
893.3245, HexNAc2-Hex3	7707	7707	0	0	53.5431429762401	53.5431429762401	NaN	NaN
948.3303, HexNAc-Hex-NeuAc2	756	756	0	0	5.252188411838266	5.252188411838266	NaN	NaN
964.3251, HexNAc-Hex-NeuGc2	2	2	0	0	0.013894678338196471	0.013894678338196471	NaN	NaN
1022.3671, HexNAc2-Hex2-NeuAc1	587	587	0	0	4.078088092260664	4.078088092260664	NaN	NaN
1038.3619, HexNAc2-Hex2-NeuGc1	11	11	0	0	0.07642073086008058	0.07642073086008058	NaN	NaN
1313.4625, HexNAc2-Hex2-NeuAc2	16	16	0	0	0.11115742670557177	0.11115742670557177	NaN	NaN
1329.4573, HexNAc2-Hex2-NeuGc2	4	4	0	0	0.027789356676392943	0.027789356676392943	NaN	NaN
\\\\\\\\\\\\\\\\\\\\\\ Fucose \\\\\\\\\\\\\\\\\\\\\	\\\\\\\\\\	\\\\\\\\\\	\\\\\\\\\\	\\\\\\\\\\	\\\\\\\\\\	\\\\\\\\\\	\\\\\\\\\\	\\\\\\\\\\
350.1446, HexNAc-dHex	673	673	0	0	4.675559260803112	4.675559260803112	NaN	NaN
512.1974, HexNAc-Hex-dHex (LeX/A)	2951	2951	0	0	20.501597888008895	20.501597888008895	NaN	NaN
674.2502, HexNAc-Hex2-dHex	212	212	0	0	1.472835903848826	1.472835903848826	NaN	NaN
803.2928, HexNAc-Hex-dHex-NeuAc (sLeX/A)	753	753	0	0	5.231346394330972	5.231346394330972	NaN	NaN
819.2908, HexNAc-Hex-dHex-NeuGc	7299	7299	0	0	50.708628595248015	50.708628595248015	NaN	NaN
877.3296, HexNAc2-Hex2-dHex (diLacNAc-Fuc)	89	89	0	0	0.618313186049743	0.618313186049743	NaN	NaN
