Settings:	ppmTol: , SNthreshold=3, IntensityThreshold=1000, PeakDepthThreshold_HCD=25, PeakDepthThreshold_ETD=50, PeakDepthThreshold_UVPD=25, TICfraction_HCD=0.2, TICfraction_ETD=0.05, TICfraction_UVPD=0.2
version 0.5, Start Time: 08:56:18

	Total	HCD	ETD	UVPD	%Total	%HCD	%ETD	%UVPD
MS/MS Scans	14457	14457	0	0	100	1	0	0
MS/MS Scans with OxoIons	14115	14115	-2147483648	-2147483648	97.63436397592862	97.63436397592862	NaN	NaN
Likely Glyco	8064	8064	0	0	55.77920730442001	55.77920730442001	NaN	NaN
OxoCount_1	310	310	0	0	2.144289963339559	2.144289963339559	NaN	NaN
OxoCount_2	266	266	0	0	1.8399391298332988	1.8399391298332988	NaN	NaN
OxoCount_3	276	276	0	0	1.9091097738119942	1.9091097738119942	NaN	NaN
OxoCount_4	254	254	0	0	1.7569343570588642	1.7569343570588642	NaN	NaN
OxoCount_5+	13009	13009	0	0	89.9840907518849	89.9840907518849	NaN	NaN
\\\\\\\\\\\\\\\\\\\\\\\\\\\\\\\\\\\\\\\\\\\\\\\\\\\	\\\\\\\\\\	\\\\\\\\\\	\\\\\\\\\\	\\\\\\\\\\	\\\\\\\\\\	\\\\\\\\\\	\\\\\\\\\\	\\\\\\\\\\
	Total	HCD	ETD	UVPD	%Total	%HCD	%ETD	%UVPD
\\\\\\\\\\\\\\\\\\\\\\ HexNAc \\\\\\\\\\\\\\\\\\\\\	\\\\\\\\\\	\\\\\\\\\\	\\\\\\\\\\	\\\\\\\\\\	\\\\\\\\\\	\\\\\\\\\\	\\\\\\\\\\	\\\\\\\\\\
84.0444, HexNAc - C2H8O4	0	0	0	0	0	0	NaN	NaN
126.055, HexNAc - C2H6O3	13502	13502	0	0	93.39420350003459	93.39420350003459	NaN	NaN
138.055, HexNAc - CH6O3	13742	13742	0	0	95.05429895552328	95.05429895552328	NaN	NaN
144.0655, HexNAc - C2H4O2	11917	11917	0	0	82.43065642941136	82.43065642941136	NaN	NaN
168.0655, HexNAc - 2H2O	13110	13110	0	0	90.68271425606972	90.68271425606972	NaN	NaN
186.0761, HexNAc - H2O	12740	12740	0	0	88.12340042885799	88.12340042885799	NaN	NaN
204.0867, HexNAc	13331	13331	0	0	92.2113854879989	92.2113854879989	NaN	NaN
\\\\\\\\\\\\\\\\\\\\\\ Hex \\\\\\\\\\\\\\\\\\\\\	\\\\\\\\\\	\\\\\\\\\\	\\\\\\\\\\	\\\\\\\\\\	\\\\\\\\\\	\\\\\\\\\\	\\\\\\\\\\	\\\\\\\\\\
85.0284, Hex - C2H6O3	0	0	0	0	0	0	NaN	NaN
97.0284, Hex - CH6O3	0	0	0	0	0	0	NaN	NaN
127.0390, Hex - 2H2O	8695	8695	0	0	60.14387493947568	60.14387493947568	NaN	NaN
145.0495, Hex - H2O	5666	5666	0	0	39.19208687832884	39.19208687832884	NaN	NaN
163.0601, Hex	3674	3674	0	0	25.413294597772705	25.413294597772705	NaN	NaN
\\\\\\\\\\\\\\\\\\\\\\ Sialic \\\\\\\\\\\\\\\\\\\\\	\\\\\\\\\\	\\\\\\\\\\	\\\\\\\\\\	\\\\\\\\\\	\\\\\\\\\\	\\\\\\\\\\	\\\\\\\\\\	\\\\\\\\\\
274.0921, NeuAc-H2O	12775	12775	0	0	88.36549768278343	88.36549768278343	NaN	NaN
292.1027, NeuAc	11817	11817	0	0	81.7389499896244	81.7389499896244	NaN	NaN
316.103, NeuAc[Ac] - H2O	77	77	0	0	0.532613958635955	0.532613958635955	NaN	NaN
334.113, NeuAc[Ac]	83	83	0	0	0.5741163450231721	0.5741163450231721	NaN	NaN
290.0870, NeuGc - H2O	28	28	0	0	0.19367780314034724	0.19367780314034724	NaN	NaN
308.0976, NeuGc	29	29	0	0	0.2005948675382168	0.2005948675382168	NaN	NaN
332.098, NeuGc[Ac] - H2O	61	61	0	0	0.42194092827004215	0.42194092827004215	NaN	NaN
350.1081, NeuGc[Ac]	33	33	0	0	0.22826312512969496	0.22826312512969496	NaN	NaN
\\\\\\\\\\\\\\\\\\\\\\ M6P \\\\\\\\\\\\\\\\\\\\\	\\\\\\\\\\	\\\\\\\\\\	\\\\\\\\\\	\\\\\\\\\\	\\\\\\\\\\	\\\\\\\\\\	\\\\\\\\\\	\\\\\\\\\\
243.0264, Man-P	31	31	0	0	0.21442899633395585	0.21442899633395585	NaN	NaN
405.0798, Man2-P	3	3	0	0	0.020751193193608634	0.020751193193608634	NaN	NaN
\\\\\\\\\\\\\\\\\\\\\\ Oligo \\\\\\\\\\\\\\\\\\\\\	\\\\\\\\\\	\\\\\\\\\\	\\\\\\\\\\	\\\\\\\\\\	\\\\\\\\\\	\\\\\\\\\\	\\\\\\\\\\	\\\\\\\\\\
325.1129, Hex2	525	525	0	0	3.631458808881511	3.631458808881511	NaN	NaN
366.1395, HexNAc-Hex	12433	12433	0	0	85.99986165871204	85.99986165871204	NaN	NaN
407.1660, HexNAc2	1132	1132	0	0	7.830116898388324	7.830116898388324	NaN	NaN
454.1555, Hex-NeuAc	7126	7126	0	0	49.291000899218375	49.291000899218375	NaN	NaN
470.1503, Hex-NeuGc	231	231	0	0	1.5978418759078648	1.5978418759078648	NaN	NaN
495.1821, HexNAc-NeuAc	4555	4555	0	0	31.50722833229577	31.50722833229577	NaN	NaN
511.1769, HexNAc-NeuGc	49	49	0	0	0.3389361554956077	0.3389361554956077	NaN	NaN
528.1923, HexNAc-Hex2	8485	8485	0	0	58.69129141592309	58.69129141592309	NaN	NaN
537.1927, HexNAc-NeuAc[Ac]	101	101	0	0	0.698623504184824	0.698623504184824	NaN	NaN
553.1875, HexNAc-NeuGc[Ac]	133	133	0	0	0.9199695649166494	0.9199695649166494	NaN	NaN
569.2188, HexNAc2-Hex	2223	2223	0	0	15.376634156463997	15.376634156463997	NaN	NaN
657.2349, HexNAc-Hex-NeuAc	10390	10390	0	0	71.86829909386456	71.86829909386456	NaN	NaN
673.2297, HexNAc-Hex-NeuGc	44	44	0	0	0.30435083350625997	0.30435083350625997	NaN	NaN
690.2451, HexNAc-Hex3	4483	4483	0	0	31.009199695649166	31.009199695649166	NaN	NaN
731.2717, HexNAc2-Hex2 (diLacNAc)	3915	3915	0	0	27.080307117659263	27.080307117659263	NaN	NaN
819.2877, HexNAc-Hex2-NeuAc	4228	4228	0	0	29.245348274192434	29.245348274192434	NaN	NaN
835.2825, HexNAc-Hex2-NeuGc	20	20	0	0	0.13834128795739087	0.13834128795739087	NaN	NaN
860.3143, HexNAc2-Hex-NeuAc	53	53	0	0	0.3666044130870858	0.3666044130870858	NaN	NaN
876.3091, HexNAc2-Hex-NeuGc	32	32	0	0	0.22134606073182542	0.22134606073182542	NaN	NaN
893.3245, HexNAc2-Hex3	4002	4002	0	0	27.682091720273917	27.682091720273917	NaN	NaN
948.3303, HexNAc-Hex-NeuAc2	1267	1267	0	0	8.763920592100712	8.763920592100712	NaN	NaN
964.3251, HexNAc-Hex-NeuGc2	12	12	0	0	0.08300477277443453	0.08300477277443453	NaN	NaN
1022.3671, HexNAc2-Hex2-NeuAc1	326	326	0	0	2.254962993705471	2.254962993705471	NaN	NaN
1038.3619, HexNAc2-Hex2-NeuGc1	28	28	0	0	0.19367780314034724	0.19367780314034724	NaN	NaN
1313.4625, HexNAc2-Hex2-NeuAc2	41	41	0	0	0.2835996403126513	0.2835996403126513	NaN	NaN
1329.4573, HexNAc2-Hex2-NeuGc2	18	18	0	0	0.12450715916165178	0.12450715916165178	NaN	NaN
\\\\\\\\\\\\\\\\\\\\\\ Fucose \\\\\\\\\\\\\\\\\\\\\	\\\\\\\\\\	\\\\\\\\\\	\\\\\\\\\\	\\\\\\\\\\	\\\\\\\\\\	\\\\\\\\\\	\\\\\\\\\\	\\\\\\\\\\
350.1446, HexNAc-dHex	681	681	0	0	4.710520854949159	4.710520854949159	NaN	NaN
512.1974, HexNAc-Hex-dHex (LeX/A)	891	891	0	0	6.163104378501764	6.163104378501764	NaN	NaN
674.2502, HexNAc-Hex2-dHex	137	137	0	0	0.9476378225081276	0.9476378225081276	NaN	NaN
803.2928, HexNAc-Hex-dHex-NeuAc (sLeX/A)	411	411	0	0	2.842913467524383	2.842913467524383	NaN	NaN
819.2908, HexNAc-Hex-dHex-NeuGc	4229	4229	0	0	29.2522653385903	29.2522653385903	NaN	NaN
877.3296, HexNAc2-Hex2-dHex (diLacNAc-Fuc)	77	77	0	0	0.532613958635955	0.532613958635955	NaN	NaN
