Settings:	ppmTol: , SNthreshold=3, IntensityThreshold=1000, PeakDepthThreshold_HCD=25, PeakDepthThreshold_ETD=50, PeakDepthThreshold_UVPD=25, TICfraction_HCD=0.2, TICfraction_ETD=0.05, TICfraction_UVPD=0.2
version 0.5, Start Time: 08:56:18

	Total	HCD	ETD	UVPD	%Total	%HCD	%ETD	%UVPD
MS/MS Scans	14442	14442	0	0	100	1	0	0
MS/MS Scans with OxoIons	13952	13952	-2147483648	-2147483648	96.60711812768314	96.60711812768314	NaN	NaN
Likely Glyco	6433	6433	0	0	44.54369200941698	44.54369200941698	NaN	NaN
OxoCount_1	341	341	0	0	2.3611688131837694	2.3611688131837694	NaN	NaN
OxoCount_2	366	366	0	0	2.534275031159119	2.534275031159119	NaN	NaN
OxoCount_3	330	330	0	0	2.2850020772746156	2.2850020772746156	NaN	NaN
OxoCount_4	314	314	0	0	2.174214097770392	2.174214097770392	NaN	NaN
OxoCount_5+	12601	12601	0	0	87.25245810829524	87.25245810829524	NaN	NaN
\\\\\\\\\\\\\\\\\\\\\\\\\\\\\\\\\\\\\\\\\\\\\\\\\\\	\\\\\\\\\\	\\\\\\\\\\	\\\\\\\\\\	\\\\\\\\\\	\\\\\\\\\\	\\\\\\\\\\	\\\\\\\\\\	\\\\\\\\\\
	Total	HCD	ETD	UVPD	%Total	%HCD	%ETD	%UVPD
\\\\\\\\\\\\\\\\\\\\\\ HexNAc \\\\\\\\\\\\\\\\\\\\\	\\\\\\\\\\	\\\\\\\\\\	\\\\\\\\\\	\\\\\\\\\\	\\\\\\\\\\	\\\\\\\\\\	\\\\\\\\\\	\\\\\\\\\\
84.0444, HexNAc - C2H8O4	0	0	0	0	0	0	NaN	NaN
126.055, HexNAc - C2H6O3	13321	13321	0	0	92.23791718598532	92.23791718598532	NaN	NaN
138.055, HexNAc - CH6O3	13511	13511	0	0	93.55352444259798	93.55352444259798	NaN	NaN
144.0655, HexNAc - C2H4O2	11354	11354	0	0	78.61791995568481	78.61791995568481	NaN	NaN
168.0655, HexNAc - 2H2O	12776	12776	0	0	88.4642016341227	88.4642016341227	NaN	NaN
186.0761, HexNAc - H2O	12308	12308	0	0	85.22365323362415	85.22365323362415	NaN	NaN
204.0867, HexNAc	12970	12970	0	0	89.80750588561142	89.80750588561142	NaN	NaN
\\\\\\\\\\\\\\\\\\\\\\ Hex \\\\\\\\\\\\\\\\\\\\\	\\\\\\\\\\	\\\\\\\\\\	\\\\\\\\\\	\\\\\\\\\\	\\\\\\\\\\	\\\\\\\\\\	\\\\\\\\\\	\\\\\\\\\\
85.0284, Hex - C2H6O3	0	0	0	0	0	0	NaN	NaN
97.0284, Hex - CH6O3	0	0	0	0	0	0	NaN	NaN
127.0390, Hex - 2H2O	7594	7594	0	0	52.582744772192214	52.582744772192214	NaN	NaN
145.0495, Hex - H2O	4344	4344	0	0	30.07893643539676	30.07893643539676	NaN	NaN
163.0601, Hex	2817	2817	0	0	19.505608641462402	19.505608641462402	NaN	NaN
\\\\\\\\\\\\\\\\\\\\\\ Sialic \\\\\\\\\\\\\\\\\\\\\	\\\\\\\\\\	\\\\\\\\\\	\\\\\\\\\\	\\\\\\\\\\	\\\\\\\\\\	\\\\\\\\\\	\\\\\\\\\\	\\\\\\\\\\
274.0921, NeuAc-H2O	12272	12272	0	0	84.97438027973965	84.97438027973965	NaN	NaN
292.1027, NeuAc	11129	11129	0	0	77.05996399390666	77.05996399390666	NaN	NaN
316.103, NeuAc[Ac] - H2O	61	61	0	0	0.42237917185985324	0.42237917185985324	NaN	NaN
334.113, NeuAc[Ac]	67	67	0	0	0.46392466417393713	0.46392466417393713	NaN	NaN
290.0870, NeuGc - H2O	30	30	0	0	0.2077274615704196	0.2077274615704196	NaN	NaN
308.0976, NeuGc	33	33	0	0	0.2285002077274616	0.2285002077274616	NaN	NaN
332.098, NeuGc[Ac] - H2O	47	47	0	0	0.3254396897936574	0.3254396897936574	NaN	NaN
350.1081, NeuGc[Ac]	34	34	0	0	0.23542445644647556	0.23542445644647556	NaN	NaN
\\\\\\\\\\\\\\\\\\\\\\ M6P \\\\\\\\\\\\\\\\\\\\\	\\\\\\\\\\	\\\\\\\\\\	\\\\\\\\\\	\\\\\\\\\\	\\\\\\\\\\	\\\\\\\\\\	\\\\\\\\\\	\\\\\\\\\\
243.0264, Man-P	39	39	0	0	0.2700457000415455	0.2700457000415455	NaN	NaN
405.0798, Man2-P	7	7	0	0	0.04846974103309791	0.04846974103309791	NaN	NaN
\\\\\\\\\\\\\\\\\\\\\\ Oligo \\\\\\\\\\\\\\\\\\\\\	\\\\\\\\\\	\\\\\\\\\\	\\\\\\\\\\	\\\\\\\\\\	\\\\\\\\\\	\\\\\\\\\\	\\\\\\\\\\	\\\\\\\\\\
325.1129, Hex2	487	487	0	0	3.372109126159812	3.372109126159812	NaN	NaN
366.1395, HexNAc-Hex	11874	11874	0	0	82.21852928957209	82.21852928957209	NaN	NaN
407.1660, HexNAc2	804	804	0	0	5.567095970087245	5.567095970087245	NaN	NaN
454.1555, Hex-NeuAc	5588	5588	0	0	38.69270184185016	38.69270184185016	NaN	NaN
470.1503, Hex-NeuGc	264	264	0	0	1.8280016618196928	1.8280016618196928	NaN	NaN
495.1821, HexNAc-NeuAc	3451	3451	0	0	23.895582329317268	23.895582329317268	NaN	NaN
511.1769, HexNAc-NeuGc	57	57	0	0	0.39468217698379726	0.39468217698379726	NaN	NaN
528.1923, HexNAc-Hex2	7274	7274	0	0	50.36698518210774	50.36698518210774	NaN	NaN
537.1927, HexNAc-NeuAc[Ac]	115	115	0	0	0.7962886026866085	0.7962886026866085	NaN	NaN
553.1875, HexNAc-NeuGc[Ac]	114	114	0	0	0.7893643539675945	0.7893643539675945	NaN	NaN
569.2188, HexNAc2-Hex	1340	1340	0	0	9.278493283478742	9.278493283478742	NaN	NaN
657.2349, HexNAc-Hex-NeuAc	9416	9416	0	0	65.1987259382357	65.1987259382357	NaN	NaN
673.2297, HexNAc-Hex-NeuGc	44	44	0	0	0.30466694363661545	0.30466694363661545	NaN	NaN
690.2451, HexNAc-Hex3	3326	3326	0	0	23.03005123944052	23.03005123944052	NaN	NaN
731.2717, HexNAc2-Hex2 (diLacNAc)	2643	2643	0	0	18.300789364353967	18.300789364353967	NaN	NaN
819.2877, HexNAc-Hex2-NeuAc	2919	2919	0	0	20.21188201080183	20.21188201080183	NaN	NaN
835.2825, HexNAc-Hex2-NeuGc	31	31	0	0	0.21465171028943358	0.21465171028943358	NaN	NaN
860.3143, HexNAc2-Hex-NeuAc	48	48	0	0	0.3323639385126714	0.3323639385126714	NaN	NaN
876.3091, HexNAc2-Hex-NeuGc	36	36	0	0	0.24927295388450355	0.24927295388450355	NaN	NaN
893.3245, HexNAc2-Hex3	2840	2840	0	0	19.66486636199972	19.66486636199972	NaN	NaN
948.3303, HexNAc-Hex-NeuAc2	883	883	0	0	6.114111618889351	6.114111618889351	NaN	NaN
964.3251, HexNAc-Hex-NeuGc2	18	18	0	0	0.12463647694225177	0.12463647694225177	NaN	NaN
1022.3671, HexNAc2-Hex2-NeuAc1	165	165	0	0	1.1425010386373078	1.1425010386373078	NaN	NaN
1038.3619, HexNAc2-Hex2-NeuGc1	33	33	0	0	0.2285002077274616	0.2285002077274616	NaN	NaN
1313.4625, HexNAc2-Hex2-NeuAc2	37	37	0	0	0.2561972026035175	0.2561972026035175	NaN	NaN
1329.4573, HexNAc2-Hex2-NeuGc2	29	29	0	0	0.2008032128514056	0.2008032128514056	NaN	NaN
\\\\\\\\\\\\\\\\\\\\\\ Fucose \\\\\\\\\\\\\\\\\\\\\	\\\\\\\\\\	\\\\\\\\\\	\\\\\\\\\\	\\\\\\\\\\	\\\\\\\\\\	\\\\\\\\\\	\\\\\\\\\\	\\\\\\\\\\
350.1446, HexNAc-dHex	972	972	0	0	6.730369754881595	6.730369754881595	NaN	NaN
512.1974, HexNAc-Hex-dHex (LeX/A)	1559	1559	0	0	10.794903752942805	10.794903752942805	NaN	NaN
674.2502, HexNAc-Hex2-dHex	194	194	0	0	1.3433042514887135	1.3433042514887135	NaN	NaN
803.2928, HexNAc-Hex-dHex-NeuAc (sLeX/A)	1157	1157	0	0	8.011355767899182	8.011355767899182	NaN	NaN
819.2908, HexNAc-Hex-dHex-NeuGc	2924	2924	0	0	20.2465032543969	20.2465032543969	NaN	NaN
877.3296, HexNAc2-Hex2-dHex (diLacNAc-Fuc)	98	98	0	0	0.6785763744633707	0.6785763744633707	NaN	NaN
