Settings:	ppmTol: , SNthreshold=3, IntensityThreshold=1000, PeakDepthThreshold_HCD=25, PeakDepthThreshold_ETD=50, PeakDepthThreshold_UVPD=25, TICfraction_HCD=0.2, TICfraction_ETD=0.05, TICfraction_UVPD=0.2
version 0.5, Start Time: 08:56:18

	Total	HCD	ETD	UVPD	%Total	%HCD	%ETD	%UVPD
MS/MS Scans	14509	14509	0	0	100	1	0	0
MS/MS Scans with OxoIons	14099	14099	-2147483648	-2147483648	97.17416775794334	97.17416775794334	NaN	NaN
Likely Glyco	7267	7267	0	0	50.08615342201392	50.08615342201392	NaN	NaN
OxoCount_1	317	317	0	0	2.184850782273072	2.184850782273072	NaN	NaN
OxoCount_2	284	284	0	0	1.9574057481563167	1.9574057481563167	NaN	NaN
OxoCount_3	276	276	0	0	1.9022675580674064	1.9022675580674064	NaN	NaN
OxoCount_4	279	279	0	0	1.9229443793507477	1.9229443793507477	NaN	NaN
OxoCount_5+	12943	12943	0	0	89.2066992900958	89.2066992900958	NaN	NaN
\\\\\\\\\\\\\\\\\\\\\\\\\\\\\\\\\\\\\\\\\\\\\\\\\\\	\\\\\\\\\\	\\\\\\\\\\	\\\\\\\\\\	\\\\\\\\\\	\\\\\\\\\\	\\\\\\\\\\	\\\\\\\\\\	\\\\\\\\\\
	Total	HCD	ETD	UVPD	%Total	%HCD	%ETD	%UVPD
\\\\\\\\\\\\\\\\\\\\\\ HexNAc \\\\\\\\\\\\\\\\\\\\\	\\\\\\\\\\	\\\\\\\\\\	\\\\\\\\\\	\\\\\\\\\\	\\\\\\\\\\	\\\\\\\\\\	\\\\\\\\\\	\\\\\\\\\\
84.0444, HexNAc - C2H8O4	0	0	0	0	0	0	NaN	NaN
126.055, HexNAc - C2H6O3	13505	13505	0	0	93.08015714384176	93.08015714384176	NaN	NaN
138.055, HexNAc - CH6O3	13728	13728	0	0	94.61713419257013	94.61713419257013	NaN	NaN
144.0655, HexNAc - C2H4O2	11785	11785	0	0	81.22544627472604	81.22544627472604	NaN	NaN
168.0655, HexNAc - 2H2O	13078	13078	0	0	90.13715624784616	90.13715624784616	NaN	NaN
186.0761, HexNAc - H2O	12693	12693	0	0	87.48363084981735	87.48363084981735	NaN	NaN
204.0867, HexNAc	13238	13238	0	0	91.23992004962437	91.23992004962437	NaN	NaN
\\\\\\\\\\\\\\\\\\\\\\ Hex \\\\\\\\\\\\\\\\\\\\\	\\\\\\\\\\	\\\\\\\\\\	\\\\\\\\\\	\\\\\\\\\\	\\\\\\\\\\	\\\\\\\\\\	\\\\\\\\\\	\\\\\\\\\\
85.0284, Hex - C2H6O3	0	0	0	0	0	0	NaN	NaN
97.0284, Hex - CH6O3	0	0	0	0	0	0	NaN	NaN
127.0390, Hex - 2H2O	8286	8286	0	0	57.10938038458887	57.10938038458887	NaN	NaN
145.0495, Hex - H2O	5170	5170	0	0	35.6330553449583	35.6330553449583	NaN	NaN
163.0601, Hex	3369	3369	0	0	23.220070301192365	23.220070301192365	NaN	NaN
\\\\\\\\\\\\\\\\\\\\\\ Sialic \\\\\\\\\\\\\\\\\\\\\	\\\\\\\\\\	\\\\\\\\\\	\\\\\\\\\\	\\\\\\\\\\	\\\\\\\\\\	\\\\\\\\\\	\\\\\\\\\\	\\\\\\\\\\
274.0921, NeuAc-H2O	12676	12676	0	0	87.36646219587843	87.36646219587843	NaN	NaN
292.1027, NeuAc	11578	11578	0	0	79.79874560617549	79.79874560617549	NaN	NaN
316.103, NeuAc[Ac] - H2O	84	84	0	0	0.5789509959335585	0.5789509959335585	NaN	NaN
334.113, NeuAc[Ac]	77	77	0	0	0.530705079605762	0.530705079605762	NaN	NaN
290.0870, NeuGc - H2O	30	30	0	0	0.20676821283341376	0.20676821283341376	NaN	NaN
308.0976, NeuGc	32	32	0	0	0.22055276035564134	0.22055276035564134	NaN	NaN
332.098, NeuGc[Ac] - H2O	40	40	0	0	0.27569095044455166	0.27569095044455166	NaN	NaN
350.1081, NeuGc[Ac]	28	28	0	0	0.19298366531118616	0.19298366531118616	NaN	NaN
\\\\\\\\\\\\\\\\\\\\\\ M6P \\\\\\\\\\\\\\\\\\\\\	\\\\\\\\\\	\\\\\\\\\\	\\\\\\\\\\	\\\\\\\\\\	\\\\\\\\\\	\\\\\\\\\\	\\\\\\\\\\	\\\\\\\\\\
243.0264, Man-P	33	33	0	0	0.22744503411675512	0.22744503411675512	NaN	NaN
405.0798, Man2-P	6	6	0	0	0.041353642566682745	0.041353642566682745	NaN	NaN
\\\\\\\\\\\\\\\\\\\\\\ Oligo \\\\\\\\\\\\\\\\\\\\\	\\\\\\\\\\	\\\\\\\\\\	\\\\\\\\\\	\\\\\\\\\\	\\\\\\\\\\	\\\\\\\\\\	\\\\\\\\\\	\\\\\\\\\\
325.1129, Hex2	544	544	0	0	3.7493969260459026	3.7493969260459026	NaN	NaN
366.1395, HexNAc-Hex	12217	12217	0	0	84.20290853952719	84.20290853952719	NaN	NaN
407.1660, HexNAc2	981	981	0	0	6.76132055965263	6.76132055965263	NaN	NaN
454.1555, Hex-NeuAc	6421	6421	0	0	44.255289820111656	44.255289820111656	NaN	NaN
470.1503, Hex-NeuGc	287	287	0	0	1.978082569439658	1.978082569439658	NaN	NaN
495.1821, HexNAc-NeuAc	3982	3982	0	0	27.445034116755117	27.445034116755117	NaN	NaN
511.1769, HexNAc-NeuGc	56	56	0	0	0.3859673306223723	0.3859673306223723	NaN	NaN
528.1923, HexNAc-Hex2	7974	7974	0	0	54.958990971121366	54.958990971121366	NaN	NaN
537.1927, HexNAc-NeuAc[Ac]	129	129	0	0	0.8891033151836791	0.8891033151836791	NaN	NaN
553.1875, HexNAc-NeuGc[Ac]	121	121	0	0	0.8339651250947688	0.8339651250947688	NaN	NaN
569.2188, HexNAc2-Hex	1922	1922	0	0	13.246950168860709	13.246950168860709	NaN	NaN
657.2349, HexNAc-Hex-NeuAc	9894	9894	0	0	68.19215659245985	68.19215659245985	NaN	NaN
673.2297, HexNAc-Hex-NeuGc	32	32	0	0	0.22055276035564134	0.22055276035564134	NaN	NaN
690.2451, HexNAc-Hex3	3987	3987	0	0	27.479495485560683	27.479495485560683	NaN	NaN
731.2717, HexNAc2-Hex2 (diLacNAc)	3355	3355	0	0	23.12357846853677	23.12357846853677	NaN	NaN
819.2877, HexNAc-Hex2-NeuAc	3662	3662	0	0	25.239506513198705	25.239506513198705	NaN	NaN
835.2825, HexNAc-Hex2-NeuGc	20	20	0	0	0.13784547522227583	0.13784547522227583	NaN	NaN
860.3143, HexNAc2-Hex-NeuAc	47	47	0	0	0.3239368667723482	0.3239368667723482	NaN	NaN
876.3091, HexNAc2-Hex-NeuGc	37	37	0	0	0.25501412916121025	0.25501412916121025	NaN	NaN
893.3245, HexNAc2-Hex3	3526	3526	0	0	24.30215728168723	24.30215728168723	NaN	NaN
948.3303, HexNAc-Hex-NeuAc2	921	921	0	0	6.347784133985803	6.347784133985803	NaN	NaN
964.3251, HexNAc-Hex-NeuGc2	17	17	0	0	0.11716865393893446	0.11716865393893446	NaN	NaN
1022.3671, HexNAc2-Hex2-NeuAc1	191	191	0	0	1.3164242883727342	1.3164242883727342	NaN	NaN
1038.3619, HexNAc2-Hex2-NeuGc1	25	25	0	0	0.1723068440278448	0.1723068440278448	NaN	NaN
1313.4625, HexNAc2-Hex2-NeuAc2	52	52	0	0	0.35839823557791717	0.35839823557791717	NaN	NaN
1329.4573, HexNAc2-Hex2-NeuGc2	35	35	0	0	0.2412295816389827	0.2412295816389827	NaN	NaN
\\\\\\\\\\\\\\\\\\\\\\ Fucose \\\\\\\\\\\\\\\\\\\\\	\\\\\\\\\\	\\\\\\\\\\	\\\\\\\\\\	\\\\\\\\\\	\\\\\\\\\\	\\\\\\\\\\	\\\\\\\\\\	\\\\\\\\\\
350.1446, HexNAc-dHex	1107	1107	0	0	7.629747053552967	7.629747053552967	NaN	NaN
512.1974, HexNAc-Hex-dHex (LeX/A)	2315	2315	0	0	15.955613756978426	15.955613756978426	NaN	NaN
674.2502, HexNAc-Hex2-dHex	228	228	0	0	1.5714384175339446	1.5714384175339446	NaN	NaN
803.2928, HexNAc-Hex-dHex-NeuAc (sLeX/A)	1779	1779	0	0	12.261355021021435	12.261355021021435	NaN	NaN
819.2908, HexNAc-Hex-dHex-NeuGc	3660	3660	0	0	25.225721965676478	25.225721965676478	NaN	NaN
877.3296, HexNAc2-Hex2-dHex (diLacNAc-Fuc)	93	93	0	0	0.6409814597835826	0.6409814597835826	NaN	NaN
