Settings:	ppmTol: , SNthreshold=3, IntensityThreshold=1000, PeakDepthThreshold_HCD=25, PeakDepthThreshold_ETD=50, PeakDepthThreshold_UVPD=25, TICfraction_HCD=0.2, TICfraction_ETD=0.05, TICfraction_UVPD=0.2
version 0.5, Start Time: 08:56:18

	Total	HCD	ETD	UVPD	%Total	%HCD	%ETD	%UVPD
MS/MS Scans	14469	14469	0	0	100	1	0	0
MS/MS Scans with OxoIons	13846	13846	-2147483648	-2147483648	95.69424286405417	95.69424286405417	NaN	NaN
Likely Glyco	5364	5364	0	0	37.07236160066349	37.07236160066349	NaN	NaN
OxoCount_1	478	478	0	0	3.3036146243693416	3.3036146243693416	NaN	NaN
OxoCount_2	449	449	0	0	3.1031861220540464	3.1031861220540464	NaN	NaN
OxoCount_3	358	358	0	0	2.4742553044439837	2.4742553044439837	NaN	NaN
OxoCount_4	406	406	0	0	2.8059990324141264	2.8059990324141264	NaN	NaN
OxoCount_5+	12155	12155	0	0	84.00718778077268	84.00718778077268	NaN	NaN
\\\\\\\\\\\\\\\\\\\\\\\\\\\\\\\\\\\\\\\\\\\\\\\\\\\	\\\\\\\\\\	\\\\\\\\\\	\\\\\\\\\\	\\\\\\\\\\	\\\\\\\\\\	\\\\\\\\\\	\\\\\\\\\\	\\\\\\\\\\
	Total	HCD	ETD	UVPD	%Total	%HCD	%ETD	%UVPD
\\\\\\\\\\\\\\\\\\\\\\ HexNAc \\\\\\\\\\\\\\\\\\\\\	\\\\\\\\\\	\\\\\\\\\\	\\\\\\\\\\	\\\\\\\\\\	\\\\\\\\\\	\\\\\\\\\\	\\\\\\\\\\	\\\\\\\\\\
84.0444, HexNAc - C2H8O4	0	0	0	0	0	0	NaN	NaN
126.055, HexNAc - C2H6O3	12976	12976	0	0	89.68138779459535	89.68138779459535	NaN	NaN
138.055, HexNAc - CH6O3	13296	13296	0	0	91.89301264772963	91.89301264772963	NaN	NaN
144.0655, HexNAc - C2H4O2	10721	10721	0	0	74.09634390766466	74.09634390766466	NaN	NaN
168.0655, HexNAc - 2H2O	12373	12373	0	0	85.51385721197042	85.51385721197042	NaN	NaN
186.0761, HexNAc - H2O	11831	11831	0	0	81.76791761697422	81.76791761697422	NaN	NaN
204.0867, HexNAc	12643	12643	0	0	87.37991568180247	87.37991568180247	NaN	NaN
\\\\\\\\\\\\\\\\\\\\\\ Hex \\\\\\\\\\\\\\\\\\\\\	\\\\\\\\\\	\\\\\\\\\\	\\\\\\\\\\	\\\\\\\\\\	\\\\\\\\\\	\\\\\\\\\\	\\\\\\\\\\	\\\\\\\\\\
85.0284, Hex - C2H6O3	0	0	0	0	0	0	NaN	NaN
97.0284, Hex - CH6O3	0	0	0	0	0	0	NaN	NaN
127.0390, Hex - 2H2O	6557	6557	0	0	45.317575506254755	45.317575506254755	NaN	NaN
145.0495, Hex - H2O	3277	3277	0	0	22.64842076162831	22.64842076162831	NaN	NaN
163.0601, Hex	2077	2077	0	0	14.354827562374734	14.354827562374734	NaN	NaN
\\\\\\\\\\\\\\\\\\\\\\ Sialic \\\\\\\\\\\\\\\\\\\\\	\\\\\\\\\\	\\\\\\\\\\	\\\\\\\\\\	\\\\\\\\\\	\\\\\\\\\\	\\\\\\\\\\	\\\\\\\\\\	\\\\\\\\\\
274.0921, NeuAc-H2O	11850	11850	0	0	81.89923284262906	81.89923284262906	NaN	NaN
292.1027, NeuAc	10535	10535	0	0	72.81083696178035	72.81083696178035	NaN	NaN
316.103, NeuAc[Ac] - H2O	55	55	0	0	0.3801230216324556	0.3801230216324556	NaN	NaN
334.113, NeuAc[Ac]	62	62	0	0	0.4285023152947681	0.4285023152947681	NaN	NaN
290.0870, NeuGc - H2O	32	32	0	0	0.2211624853134287	0.2211624853134287	NaN	NaN
308.0976, NeuGc	45	45	0	0	0.3110097449720091	0.3110097449720091	NaN	NaN
332.098, NeuGc[Ac] - H2O	38	38	0	0	0.2626304513096966	0.2626304513096966	NaN	NaN
350.1081, NeuGc[Ac]	31	31	0	0	0.21425115764738406	0.21425115764738406	NaN	NaN
\\\\\\\\\\\\\\\\\\\\\\ M6P \\\\\\\\\\\\\\\\\\\\\	\\\\\\\\\\	\\\\\\\\\\	\\\\\\\\\\	\\\\\\\\\\	\\\\\\\\\\	\\\\\\\\\\	\\\\\\\\\\	\\\\\\\\\\
243.0264, Man-P	29	29	0	0	0.20042850231529477	0.20042850231529477	NaN	NaN
405.0798, Man2-P	5	5	0	0	0.03455663833022324	0.03455663833022324	NaN	NaN
\\\\\\\\\\\\\\\\\\\\\\ Oligo \\\\\\\\\\\\\\\\\\\\\	\\\\\\\\\\	\\\\\\\\\\	\\\\\\\\\\	\\\\\\\\\\	\\\\\\\\\\	\\\\\\\\\\	\\\\\\\\\\	\\\\\\\\\\
325.1129, Hex2	378	378	0	0	2.6124818577648767	2.6124818577648767	NaN	NaN
366.1395, HexNAc-Hex	11367	11367	0	0	78.5610615799295	78.5610615799295	NaN	NaN
407.1660, HexNAc2	634	634	0	0	4.381781740272307	4.381781740272307	NaN	NaN
454.1555, Hex-NeuAc	4593	4593	0	0	31.743727970143066	31.743727970143066	NaN	NaN
470.1503, Hex-NeuGc	292	292	0	0	2.018107678485037	2.018107678485037	NaN	NaN
495.1821, HexNAc-NeuAc	2841	2841	0	0	19.635081899232844	19.635081899232844	NaN	NaN
511.1769, HexNAc-NeuGc	49	49	0	0	0.3386550556361877	0.3386550556361877	NaN	NaN
528.1923, HexNAc-Hex2	6027	6027	0	0	41.654571843251084	41.654571843251084	NaN	NaN
537.1927, HexNAc-NeuAc[Ac]	115	115	0	0	0.7948026815951346	0.7948026815951346	NaN	NaN
553.1875, HexNAc-NeuGc[Ac]	101	101	0	0	0.6980440942705094	0.6980440942705094	NaN	NaN
569.2188, HexNAc2-Hex	1104	1104	0	0	7.630105743313291	7.630105743313291	NaN	NaN
657.2349, HexNAc-Hex-NeuAc	8604	8604	0	0	59.46506323864814	59.46506323864814	NaN	NaN
673.2297, HexNAc-Hex-NeuGc	50	50	0	0	0.3455663833022324	0.3455663833022324	NaN	NaN
690.2451, HexNAc-Hex3	2626	2626	0	0	18.149146451033243	18.149146451033243	NaN	NaN
731.2717, HexNAc2-Hex2 (diLacNAc)	2104	2104	0	0	14.541433409357937	14.541433409357937	NaN	NaN
819.2877, HexNAc-Hex2-NeuAc	2294	2294	0	0	15.85458566590642	15.85458566590642	NaN	NaN
835.2825, HexNAc-Hex2-NeuGc	22	22	0	0	0.15204920865298224	0.15204920865298224	NaN	NaN
860.3143, HexNAc2-Hex-NeuAc	46	46	0	0	0.3179210726380538	0.3179210726380538	NaN	NaN
876.3091, HexNAc2-Hex-NeuGc	41	41	0	0	0.28336443430783054	0.28336443430783054	NaN	NaN
893.3245, HexNAc2-Hex3	2213	2213	0	0	15.294768124956803	15.294768124956803	NaN	NaN
948.3303, HexNAc-Hex-NeuAc2	675	675	0	0	4.665146174580137	4.665146174580137	NaN	NaN
964.3251, HexNAc-Hex-NeuGc2	19	19	0	0	0.1313152256548483	0.1313152256548483	NaN	NaN
1022.3671, HexNAc2-Hex2-NeuAc1	135	135	0	0	0.9330292349160274	0.9330292349160274	NaN	NaN
1038.3619, HexNAc2-Hex2-NeuGc1	31	31	0	0	0.21425115764738406	0.21425115764738406	NaN	NaN
1313.4625, HexNAc2-Hex2-NeuAc2	50	50	0	0	0.3455663833022324	0.3455663833022324	NaN	NaN
1329.4573, HexNAc2-Hex2-NeuGc2	47	47	0	0	0.3248324003040984	0.3248324003040984	NaN	NaN
\\\\\\\\\\\\\\\\\\\\\\ Fucose \\\\\\\\\\\\\\\\\\\\\	\\\\\\\\\\	\\\\\\\\\\	\\\\\\\\\\	\\\\\\\\\\	\\\\\\\\\\	\\\\\\\\\\	\\\\\\\\\\	\\\\\\\\\\
350.1446, HexNAc-dHex	758	758	0	0	5.238786370861843	5.238786370861843	NaN	NaN
512.1974, HexNAc-Hex-dHex (LeX/A)	1387	1387	0	0	9.586011472803925	9.586011472803925	NaN	NaN
674.2502, HexNAc-Hex2-dHex	179	179	0	0	1.2371276522219918	1.2371276522219918	NaN	NaN
803.2928, HexNAc-Hex-dHex-NeuAc (sLeX/A)	1004	1004	0	0	6.9389729767088255	6.9389729767088255	NaN	NaN
819.2908, HexNAc-Hex-dHex-NeuGc	2303	2303	0	0	15.916787614900823	15.916787614900823	NaN	NaN
877.3296, HexNAc2-Hex2-dHex (diLacNAc-Fuc)	98	98	0	0	0.6773101112723754	0.6773101112723754	NaN	NaN
