Settings:	ppmTol: , SNthreshold=3, IntensityThreshold=1000, PeakDepthThreshold_HCD=25, PeakDepthThreshold_ETD=50, PeakDepthThreshold_UVPD=25, TICfraction_HCD=0.2, TICfraction_ETD=0.05, TICfraction_UVPD=0.2
version 0.5, Start Time: 13:01:36

	Total	HCD	ETD	UVPD	%Total	%HCD	%ETD	%UVPD
MS/MS Scans	11950	11950	0	0	100	1	0	0
MS/MS Scans with OxoIons	5907	5907	-2147483648	-2147483648	49.43096234309624	49.43096234309624	NaN	NaN
Likely Glyco	1306	1306	0	0	10.928870292887028	10.928870292887028	NaN	NaN
OxoCount_1	1338	1338	0	0	11.196652719665272	11.196652719665272	NaN	NaN
OxoCount_2	761	761	0	0	6.368200836820084	6.368200836820084	NaN	NaN
OxoCount_3	542	542	0	0	4.535564853556486	4.535564853556486	NaN	NaN
OxoCount_4	484	484	0	0	4.050209205020921	4.050209205020921	NaN	NaN
OxoCount_5+	2782	2782	0	0	23.280334728033473	23.280334728033473	NaN	NaN
\\\\\\\\\\\\\\\\\\\\\\\\\\\\\\\\\\\\\\\\\\\\\\\\\\\	\\\\\\\\\\	\\\\\\\\\\	\\\\\\\\\\	\\\\\\\\\\	\\\\\\\\\\	\\\\\\\\\\	\\\\\\\\\\	\\\\\\\\\\
	Total	HCD	ETD	UVPD	%Total	%HCD	%ETD	%UVPD
\\\\\\\\\\\\\\\\\\\\\\ HexNAc \\\\\\\\\\\\\\\\\\\\\	\\\\\\\\\\	\\\\\\\\\\	\\\\\\\\\\	\\\\\\\\\\	\\\\\\\\\\	\\\\\\\\\\	\\\\\\\\\\	\\\\\\\\\\
84.0444, HexNAc - C2H8O4	0	0	0	0	0	0	NaN	NaN
126.055, HexNAc - C2H6O3	2231	2231	0	0	18.669456066945607	18.669456066945607	NaN	NaN
138.055, HexNAc - CH6O3	5499	5499	0	0	46.01673640167364	46.01673640167364	NaN	NaN
144.0655, HexNAc - C2H4O2	993	993	0	0	8.309623430962343	8.309623430962343	NaN	NaN
168.0655, HexNAc - 2H2O	3132	3132	0	0	26.2092050209205	26.2092050209205	NaN	NaN
186.0761, HexNAc - H2O	2096	2096	0	0	17.539748953974897	17.539748953974897	NaN	NaN
204.0867, HexNAc	4134	4134	0	0	34.59414225941423	34.59414225941423	NaN	NaN
\\\\\\\\\\\\\\\\\\\\\\ Hex \\\\\\\\\\\\\\\\\\\\\	\\\\\\\\\\	\\\\\\\\\\	\\\\\\\\\\	\\\\\\\\\\	\\\\\\\\\\	\\\\\\\\\\	\\\\\\\\\\	\\\\\\\\\\
85.0284, Hex - C2H6O3	0	0	0	0	0	0	NaN	NaN
97.0284, Hex - CH6O3	0	0	0	0	0	0	NaN	NaN
127.0390, Hex - 2H2O	416	416	0	0	3.4811715481171546	3.4811715481171546	NaN	NaN
145.0495, Hex - H2O	531	531	0	0	4.443514644351464	4.443514644351464	NaN	NaN
163.0601, Hex	274	274	0	0	2.292887029288703	2.292887029288703	NaN	NaN
\\\\\\\\\\\\\\\\\\\\\\ Sialic \\\\\\\\\\\\\\\\\\\\\	\\\\\\\\\\	\\\\\\\\\\	\\\\\\\\\\	\\\\\\\\\\	\\\\\\\\\\	\\\\\\\\\\	\\\\\\\\\\	\\\\\\\\\\
274.0921, NeuAc-H2O	2761	2761	0	0	23.10460251046025	23.10460251046025	NaN	NaN
292.1027, NeuAc	1212	1212	0	0	10.142259414225942	10.142259414225942	NaN	NaN
316.103, NeuAc[Ac] - H2O	0	0	0	0	0	0	NaN	NaN
334.113, NeuAc[Ac]	1	1	0	0	0.008368200836820085	0.008368200836820085	NaN	NaN
290.0870, NeuGc - H2O	2	2	0	0	0.01673640167364017	0.01673640167364017	NaN	NaN
308.0976, NeuGc	1	1	0	0	0.008368200836820085	0.008368200836820085	NaN	NaN
332.098, NeuGc[Ac] - H2O	5	5	0	0	0.04184100418410042	0.04184100418410042	NaN	NaN
350.1081, NeuGc[Ac]	0	0	0	0	0	0	NaN	NaN
\\\\\\\\\\\\\\\\\\\\\\ M6P \\\\\\\\\\\\\\\\\\\\\	\\\\\\\\\\	\\\\\\\\\\	\\\\\\\\\\	\\\\\\\\\\	\\\\\\\\\\	\\\\\\\\\\	\\\\\\\\\\	\\\\\\\\\\
243.0264, Man-P	3	3	0	0	0.025104602510460254	0.025104602510460254	NaN	NaN
405.0798, Man2-P	0	0	0	0	0	0	NaN	NaN
\\\\\\\\\\\\\\\\\\\\\\ Oligo \\\\\\\\\\\\\\\\\\\\\	\\\\\\\\\\	\\\\\\\\\\	\\\\\\\\\\	\\\\\\\\\\	\\\\\\\\\\	\\\\\\\\\\	\\\\\\\\\\	\\\\\\\\\\
325.1129, Hex2	317	317	0	0	2.6527196652719667	2.6527196652719667	NaN	NaN
366.1395, HexNAc-Hex	3043	3043	0	0	25.464435146443513	25.464435146443513	NaN	NaN
407.1660, HexNAc2	2	2	0	0	0.01673640167364017	0.01673640167364017	NaN	NaN
454.1555, Hex-NeuAc	28	28	0	0	0.23430962343096237	0.23430962343096237	NaN	NaN
470.1503, Hex-NeuGc	0	0	0	0	0	0	NaN	NaN
495.1821, HexNAc-NeuAc	9	9	0	0	0.07531380753138076	0.07531380753138076	NaN	NaN
511.1769, HexNAc-NeuGc	0	0	0	0	0	0	NaN	NaN
528.1923, HexNAc-Hex2	169	169	0	0	1.4142259414225942	1.4142259414225942	NaN	NaN
537.1927, HexNAc-NeuAc[Ac]	0	0	0	0	0	0	NaN	NaN
553.1875, HexNAc-NeuGc[Ac]	0	0	0	0	0	0	NaN	NaN
569.2188, HexNAc2-Hex	3	3	0	0	0.025104602510460254	0.025104602510460254	NaN	NaN
657.2349, HexNAc-Hex-NeuAc	674	674	0	0	5.640167364016737	5.640167364016737	NaN	NaN
673.2297, HexNAc-Hex-NeuGc	1	1	0	0	0.008368200836820085	0.008368200836820085	NaN	NaN
690.2451, HexNAc-Hex3	23	23	0	0	0.19246861924686193	0.19246861924686193	NaN	NaN
731.2717, HexNAc2-Hex2 (diLacNAc)	19	19	0	0	0.1589958158995816	0.1589958158995816	NaN	NaN
819.2877, HexNAc-Hex2-NeuAc	14	14	0	0	0.11715481171548119	0.11715481171548119	NaN	NaN
835.2825, HexNAc-Hex2-NeuGc	0	0	0	0	0	0	NaN	NaN
860.3143, HexNAc2-Hex-NeuAc	1	1	0	0	0.008368200836820085	0.008368200836820085	NaN	NaN
876.3091, HexNAc2-Hex-NeuGc	0	0	0	0	0	0	NaN	NaN
893.3245, HexNAc2-Hex3	15	15	0	0	0.12552301255230125	0.12552301255230125	NaN	NaN
948.3303, HexNAc-Hex-NeuAc2	5	5	0	0	0.04184100418410042	0.04184100418410042	NaN	NaN
964.3251, HexNAc-Hex-NeuGc2	1	1	0	0	0.008368200836820085	0.008368200836820085	NaN	NaN
1022.3671, HexNAc2-Hex2-NeuAc1	0	0	0	0	0	0	NaN	NaN
1038.3619, HexNAc2-Hex2-NeuGc1	0	0	0	0	0	0	NaN	NaN
1313.4625, HexNAc2-Hex2-NeuAc2	0	0	0	0	0	0	NaN	NaN
1329.4573, HexNAc2-Hex2-NeuGc2	0	0	0	0	0	0	NaN	NaN
\\\\\\\\\\\\\\\\\\\\\\ Fucose \\\\\\\\\\\\\\\\\\\\\	\\\\\\\\\\	\\\\\\\\\\	\\\\\\\\\\	\\\\\\\\\\	\\\\\\\\\\	\\\\\\\\\\	\\\\\\\\\\	\\\\\\\\\\
350.1446, HexNAc-dHex	2	2	0	0	0.01673640167364017	0.01673640167364017	NaN	NaN
512.1974, HexNAc-Hex-dHex (LeX/A)	9	9	0	0	0.07531380753138076	0.07531380753138076	NaN	NaN
674.2502, HexNAc-Hex2-dHex	3	3	0	0	0.025104602510460254	0.025104602510460254	NaN	NaN
803.2928, HexNAc-Hex-dHex-NeuAc (sLeX/A)	2	2	0	0	0.01673640167364017	0.01673640167364017	NaN	NaN
819.2908, HexNAc-Hex-dHex-NeuGc	14	14	0	0	0.11715481171548119	0.11715481171548119	NaN	NaN
877.3296, HexNAc2-Hex2-dHex (diLacNAc-Fuc)	1	1	0	0	0.008368200836820085	0.008368200836820085	NaN	NaN
