Settings:	ppmTol: , SNthreshold=3, IntensityThreshold=1000, PeakDepthThreshold_HCD=25, PeakDepthThreshold_ETD=50, PeakDepthThreshold_UVPD=25, TICfraction_HCD=0.2, TICfraction_ETD=0.05, TICfraction_UVPD=0.2
version 0.5, Start Time: 13:01:36

	Total	HCD	ETD	UVPD	%Total	%HCD	%ETD	%UVPD
MS/MS Scans	24177	24177	0	0	100	1	0	0
MS/MS Scans with OxoIons	22837	22837	-2147483648	-2147483648	94.45754229226125	94.45754229226125	NaN	NaN
Likely Glyco	20996	20996	0	0	86.84286718782313	86.84286718782313	NaN	NaN
OxoCount_1	241	241	0	0	0.9968151548992844	0.9968151548992844	NaN	NaN
OxoCount_2	164	164	0	0	0.6783306448277288	0.6783306448277288	NaN	NaN
OxoCount_3	169	169	0	0	0.6990114571700377	0.6990114571700377	NaN	NaN
OxoCount_4	144	144	0	0	0.5956073954584936	0.5956073954584936	NaN	NaN
OxoCount_5+	22119	22119	0	0	91.4877776399057	91.4877776399057	NaN	NaN
\\\\\\\\\\\\\\\\\\\\\\\\\\\\\\\\\\\\\\\\\\\\\\\\\\\	\\\\\\\\\\	\\\\\\\\\\	\\\\\\\\\\	\\\\\\\\\\	\\\\\\\\\\	\\\\\\\\\\	\\\\\\\\\\	\\\\\\\\\\
	Total	HCD	ETD	UVPD	%Total	%HCD	%ETD	%UVPD
\\\\\\\\\\\\\\\\\\\\\\ HexNAc \\\\\\\\\\\\\\\\\\\\\	\\\\\\\\\\	\\\\\\\\\\	\\\\\\\\\\	\\\\\\\\\\	\\\\\\\\\\	\\\\\\\\\\	\\\\\\\\\\	\\\\\\\\\\
84.0444, HexNAc - C2H8O4	0	0	0	0	0	0	NaN	NaN
126.055, HexNAc - C2H6O3	22049	22049	0	0	91.19824626711338	91.19824626711338	NaN	NaN
138.055, HexNAc - CH6O3	22758	22758	0	0	94.13078545725277	94.13078545725277	NaN	NaN
144.0655, HexNAc - C2H4O2	20734	20734	0	0	85.75919262108616	85.75919262108616	NaN	NaN
168.0655, HexNAc - 2H2O	22328	22328	0	0	92.35223559581421	92.35223559581421	NaN	NaN
186.0761, HexNAc - H2O	21828	21828	0	0	90.28415436158332	90.28415436158332	NaN	NaN
204.0867, HexNAc	22562	22562	0	0	93.32009761343426	93.32009761343426	NaN	NaN
\\\\\\\\\\\\\\\\\\\\\\ Hex \\\\\\\\\\\\\\\\\\\\\	\\\\\\\\\\	\\\\\\\\\\	\\\\\\\\\\	\\\\\\\\\\	\\\\\\\\\\	\\\\\\\\\\	\\\\\\\\\\	\\\\\\\\\\
85.0284, Hex - C2H6O3	0	0	0	0	0	0	NaN	NaN
97.0284, Hex - CH6O3	0	0	0	0	0	0	NaN	NaN
127.0390, Hex - 2H2O	14433	14433	0	0	59.697232907308596	59.697232907308596	NaN	NaN
145.0495, Hex - H2O	8507	8507	0	0	35.186334119204204	35.186334119204204	NaN	NaN
163.0601, Hex	7668	7668	0	0	31.716093808164786	31.716093808164786	NaN	NaN
\\\\\\\\\\\\\\\\\\\\\\ Sialic \\\\\\\\\\\\\\\\\\\\\	\\\\\\\\\\	\\\\\\\\\\	\\\\\\\\\\	\\\\\\\\\\	\\\\\\\\\\	\\\\\\\\\\	\\\\\\\\\\	\\\\\\\\\\
274.0921, NeuAc-H2O	21845	21845	0	0	90.35446912354718	90.35446912354718	NaN	NaN
292.1027, NeuAc	20893	20893	0	0	86.41684245357158	86.41684245357158	NaN	NaN
316.103, NeuAc[Ac] - H2O	30	30	0	0	0.12408487405385284	0.12408487405385284	NaN	NaN
334.113, NeuAc[Ac]	5	5	0	0	0.020680812342308806	0.020680812342308806	NaN	NaN
290.0870, NeuGc - H2O	265	265	0	0	1.0960830541423667	1.0960830541423667	NaN	NaN
308.0976, NeuGc	78	78	0	0	0.32262067254001736	0.32262067254001736	NaN	NaN
332.098, NeuGc[Ac] - H2O	2	2	0	0	0.008272324936923522	0.008272324936923522	NaN	NaN
350.1081, NeuGc[Ac]	0	0	0	0	0	0	NaN	NaN
\\\\\\\\\\\\\\\\\\\\\\ M6P \\\\\\\\\\\\\\\\\\\\\	\\\\\\\\\\	\\\\\\\\\\	\\\\\\\\\\	\\\\\\\\\\	\\\\\\\\\\	\\\\\\\\\\	\\\\\\\\\\	\\\\\\\\\\
243.0264, Man-P	124	124	0	0	0.5128841460892584	0.5128841460892584	NaN	NaN
405.0798, Man2-P	36	36	0	0	0.1489018488646234	0.1489018488646234	NaN	NaN
\\\\\\\\\\\\\\\\\\\\\\ Oligo \\\\\\\\\\\\\\\\\\\\\	\\\\\\\\\\	\\\\\\\\\\	\\\\\\\\\\	\\\\\\\\\\	\\\\\\\\\\	\\\\\\\\\\	\\\\\\\\\\	\\\\\\\\\\
325.1129, Hex2	655	655	0	0	2.7091864168424533	2.7091864168424533	NaN	NaN
366.1395, HexNAc-Hex	22153	22153	0	0	91.62840716383339	91.62840716383339	NaN	NaN
407.1660, HexNAc2	489	489	0	0	2.022583447077801	2.022583447077801	NaN	NaN
454.1555, Hex-NeuAc	8158	8158	0	0	33.74281341771105	33.74281341771105	NaN	NaN
470.1503, Hex-NeuGc	7	7	0	0	0.028953137279232325	0.028953137279232325	NaN	NaN
495.1821, HexNAc-NeuAc	923	923	0	0	3.817677958390205	3.817677958390205	NaN	NaN
511.1769, HexNAc-NeuGc	4	4	0	0	0.016544649873847045	0.016544649873847045	NaN	NaN
528.1923, HexNAc-Hex2	17676	17676	0	0	73.11080779253008	73.11080779253008	NaN	NaN
537.1927, HexNAc-NeuAc[Ac]	8	8	0	0	0.03308929974769409	0.03308929974769409	NaN	NaN
553.1875, HexNAc-NeuGc[Ac]	5	5	0	0	0.020680812342308806	0.020680812342308806	NaN	NaN
569.2188, HexNAc2-Hex	2904	2904	0	0	12.011415808412956	12.011415808412956	NaN	NaN
657.2349, HexNAc-Hex-NeuAc	19946	19946	0	0	82.4998965959383	82.4998965959383	NaN	NaN
673.2297, HexNAc-Hex-NeuGc	64	64	0	0	0.2647143979815527	0.2647143979815527	NaN	NaN
690.2451, HexNAc-Hex3	5588	5588	0	0	23.11287587376432	23.11287587376432	NaN	NaN
731.2717, HexNAc2-Hex2 (diLacNAc)	5450	5450	0	0	22.5420854531166	22.5420854531166	NaN	NaN
819.2877, HexNAc-Hex2-NeuAc	2950	2950	0	0	12.201679281962194	12.201679281962194	NaN	NaN
835.2825, HexNAc-Hex2-NeuGc	2	2	0	0	0.008272324936923522	0.008272324936923522	NaN	NaN
860.3143, HexNAc2-Hex-NeuAc	7	7	0	0	0.028953137279232325	0.028953137279232325	NaN	NaN
876.3091, HexNAc2-Hex-NeuGc	1	1	0	0	0.004136162468461761	0.004136162468461761	NaN	NaN
893.3245, HexNAc2-Hex3	4064	4064	0	0	16.8093642718286	16.8093642718286	NaN	NaN
948.3303, HexNAc-Hex-NeuAc2	173	173	0	0	0.7155561070438847	0.7155561070438847	NaN	NaN
964.3251, HexNAc-Hex-NeuGc2	13	13	0	0	0.053770112090002896	0.053770112090002896	NaN	NaN
1022.3671, HexNAc2-Hex2-NeuAc1	193	193	0	0	0.7982793564131199	0.7982793564131199	NaN	NaN
1038.3619, HexNAc2-Hex2-NeuGc1	1	1	0	0	0.004136162468461761	0.004136162468461761	NaN	NaN
1313.4625, HexNAc2-Hex2-NeuAc2	14	14	0	0	0.05790627455846465	0.05790627455846465	NaN	NaN
1329.4573, HexNAc2-Hex2-NeuGc2	28	28	0	0	0.1158125491169293	0.1158125491169293	NaN	NaN
\\\\\\\\\\\\\\\\\\\\\\ Fucose \\\\\\\\\\\\\\\\\\\\\	\\\\\\\\\\	\\\\\\\\\\	\\\\\\\\\\	\\\\\\\\\\	\\\\\\\\\\	\\\\\\\\\\	\\\\\\\\\\	\\\\\\\\\\
350.1446, HexNAc-dHex	337	337	0	0	1.3938867518716136	1.3938867518716136	NaN	NaN
512.1974, HexNAc-Hex-dHex (LeX/A)	2447	2447	0	0	10.12118956032593	10.12118956032593	NaN	NaN
674.2502, HexNAc-Hex2-dHex	120	120	0	0	0.49633949621541135	0.49633949621541135	NaN	NaN
803.2928, HexNAc-Hex-dHex-NeuAc (sLeX/A)	652	652	0	0	2.696777929437068	2.696777929437068	NaN	NaN
819.2908, HexNAc-Hex-dHex-NeuGc	2949	2949	0	0	12.197543119493734	12.197543119493734	NaN	NaN
877.3296, HexNAc2-Hex2-dHex (diLacNAc-Fuc)	46	46	0	0	0.190263473549241	0.190263473549241	NaN	NaN
