Settings:	ppmTol: , SNthreshold=3, IntensityThreshold=1000, PeakDepthThreshold_HCD=25, PeakDepthThreshold_ETD=50, PeakDepthThreshold_UVPD=25, TICfraction_HCD=0.2, TICfraction_ETD=0.05, TICfraction_UVPD=0.2
version 0.5, Start Time: 13:01:36

	Total	HCD	ETD	UVPD	%Total	%HCD	%ETD	%UVPD
MS/MS Scans	24135	24135	0	0	100	1	0	0
MS/MS Scans with OxoIons	21807	21807	-2147483648	-2147483648	90.35425730267247	90.35425730267247	NaN	NaN
Likely Glyco	16616	16616	0	0	68.84607416614875	68.84607416614875	NaN	NaN
OxoCount_1	526	526	0	0	2.17940749948208	2.17940749948208	NaN	NaN
OxoCount_2	426	426	0	0	1.765071472964574	1.765071472964574	NaN	NaN
OxoCount_3	360	360	0	0	1.4916096954630205	1.4916096954630205	NaN	NaN
OxoCount_4	448	448	0	0	1.8562253987984254	1.8562253987984254	NaN	NaN
OxoCount_5+	20047	20047	0	0	83.06194323596436	83.06194323596436	NaN	NaN
\\\\\\\\\\\\\\\\\\\\\\\\\\\\\\\\\\\\\\\\\\\\\\\\\\\	\\\\\\\\\\	\\\\\\\\\\	\\\\\\\\\\	\\\\\\\\\\	\\\\\\\\\\	\\\\\\\\\\	\\\\\\\\\\	\\\\\\\\\\
	Total	HCD	ETD	UVPD	%Total	%HCD	%ETD	%UVPD
\\\\\\\\\\\\\\\\\\\\\\ HexNAc \\\\\\\\\\\\\\\\\\\\\	\\\\\\\\\\	\\\\\\\\\\	\\\\\\\\\\	\\\\\\\\\\	\\\\\\\\\\	\\\\\\\\\\	\\\\\\\\\\	\\\\\\\\\\
84.0444, HexNAc - C2H8O4	0	0	0	0	0	0	NaN	NaN
126.055, HexNAc - C2H6O3	19222	19222	0	0	79.64367101719495	79.64367101719495	NaN	NaN
138.055, HexNAc - CH6O3	21371	21371	0	0	88.54775222705614	88.54775222705614	NaN	NaN
144.0655, HexNAc - C2H4O2	14148	14148	0	0	58.62026103169671	58.62026103169671	NaN	NaN
168.0655, HexNAc - 2H2O	19924	19924	0	0	82.55230992334783	82.55230992334783	NaN	NaN
186.0761, HexNAc - H2O	19162	19162	0	0	79.39506940128445	79.39506940128445	NaN	NaN
204.0867, HexNAc	21016	21016	0	0	87.076859332919	87.076859332919	NaN	NaN
\\\\\\\\\\\\\\\\\\\\\\ Hex \\\\\\\\\\\\\\\\\\\\\	\\\\\\\\\\	\\\\\\\\\\	\\\\\\\\\\	\\\\\\\\\\	\\\\\\\\\\	\\\\\\\\\\	\\\\\\\\\\	\\\\\\\\\\
85.0284, Hex - C2H6O3	0	0	0	0	0	0	NaN	NaN
97.0284, Hex - CH6O3	0	0	0	0	0	0	NaN	NaN
127.0390, Hex - 2H2O	828	828	0	0	3.430702299564947	3.430702299564947	NaN	NaN
145.0495, Hex - H2O	381	381	0	0	1.5786202610316966	1.5786202610316966	NaN	NaN
163.0601, Hex	298	298	0	0	1.2347213590221668	1.2347213590221668	NaN	NaN
\\\\\\\\\\\\\\\\\\\\\\ Sialic \\\\\\\\\\\\\\\\\\\\\	\\\\\\\\\\	\\\\\\\\\\	\\\\\\\\\\	\\\\\\\\\\	\\\\\\\\\\	\\\\\\\\\\	\\\\\\\\\\	\\\\\\\\\\
274.0921, NeuAc-H2O	20518	20518	0	0	85.01346592086182	85.01346592086182	NaN	NaN
292.1027, NeuAc	16019	16019	0	0	66.37248808783924	66.37248808783924	NaN	NaN
316.103, NeuAc[Ac] - H2O	2	2	0	0	0.008286720530350114	0.008286720530350114	NaN	NaN
334.113, NeuAc[Ac]	0	0	0	0	0	0	NaN	NaN
290.0870, NeuGc - H2O	6	6	0	0	0.024860161591050343	0.024860161591050343	NaN	NaN
308.0976, NeuGc	0	0	0	0	0	0	NaN	NaN
332.098, NeuGc[Ac] - H2O	0	0	0	0	0	0	NaN	NaN
350.1081, NeuGc[Ac]	0	0	0	0	0	0	NaN	NaN
\\\\\\\\\\\\\\\\\\\\\\ M6P \\\\\\\\\\\\\\\\\\\\\	\\\\\\\\\\	\\\\\\\\\\	\\\\\\\\\\	\\\\\\\\\\	\\\\\\\\\\	\\\\\\\\\\	\\\\\\\\\\	\\\\\\\\\\
243.0264, Man-P	14	14	0	0	0.058007043712450794	0.058007043712450794	NaN	NaN
405.0798, Man2-P	2	2	0	0	0.008286720530350114	0.008286720530350114	NaN	NaN
\\\\\\\\\\\\\\\\\\\\\\ Oligo \\\\\\\\\\\\\\\\\\\\\	\\\\\\\\\\	\\\\\\\\\\	\\\\\\\\\\	\\\\\\\\\\	\\\\\\\\\\	\\\\\\\\\\	\\\\\\\\\\	\\\\\\\\\\
325.1129, Hex2	59	59	0	0	0.24445825564532836	0.24445825564532836	NaN	NaN
366.1395, HexNAc-Hex	19828	19828	0	0	82.15454733789103	82.15454733789103	NaN	NaN
407.1660, HexNAc2	15	15	0	0	0.06215040397762585	0.06215040397762585	NaN	NaN
454.1555, Hex-NeuAc	724	724	0	0	2.9997928319867415	2.9997928319867415	NaN	NaN
470.1503, Hex-NeuGc	0	0	0	0	0	0	NaN	NaN
495.1821, HexNAc-NeuAc	160	160	0	0	0.6629376424280091	0.6629376424280091	NaN	NaN
511.1769, HexNAc-NeuGc	0	0	0	0	0	0	NaN	NaN
528.1923, HexNAc-Hex2	1570	1570	0	0	6.505075616324839	6.505075616324839	NaN	NaN
537.1927, HexNAc-NeuAc[Ac]	1	1	0	0	0.004143360265175057	0.004143360265175057	NaN	NaN
553.1875, HexNAc-NeuGc[Ac]	0	0	0	0	0	0	NaN	NaN
569.2188, HexNAc2-Hex	739	739	0	0	3.061943235964367	3.061943235964367	NaN	NaN
657.2349, HexNAc-Hex-NeuAc	9275	9275	0	0	38.42966645949865	38.42966645949865	NaN	NaN
673.2297, HexNAc-Hex-NeuGc	1	1	0	0	0.004143360265175057	0.004143360265175057	NaN	NaN
690.2451, HexNAc-Hex3	245	245	0	0	1.015123264967889	1.015123264967889	NaN	NaN
731.2717, HexNAc2-Hex2 (diLacNAc)	1484	1484	0	0	6.148746633519784	6.148746633519784	NaN	NaN
819.2877, HexNAc-Hex2-NeuAc	301	301	0	0	1.2471514398176922	1.2471514398176922	NaN	NaN
835.2825, HexNAc-Hex2-NeuGc	0	0	0	0	0	0	NaN	NaN
860.3143, HexNAc2-Hex-NeuAc	2	2	0	0	0.008286720530350114	0.008286720530350114	NaN	NaN
876.3091, HexNAc2-Hex-NeuGc	0	0	0	0	0	0	NaN	NaN
893.3245, HexNAc2-Hex3	338	338	0	0	1.4004557696291693	1.4004557696291693	NaN	NaN
948.3303, HexNAc-Hex-NeuAc2	36	36	0	0	0.14916096954630206	0.14916096954630206	NaN	NaN
964.3251, HexNAc-Hex-NeuGc2	1	1	0	0	0.004143360265175057	0.004143360265175057	NaN	NaN
1022.3671, HexNAc2-Hex2-NeuAc1	95	95	0	0	0.39361922519163045	0.39361922519163045	NaN	NaN
1038.3619, HexNAc2-Hex2-NeuGc1	0	0	0	0	0	0	NaN	NaN
1313.4625, HexNAc2-Hex2-NeuAc2	1	1	0	0	0.004143360265175057	0.004143360265175057	NaN	NaN
1329.4573, HexNAc2-Hex2-NeuGc2	0	0	0	0	0	0	NaN	NaN
\\\\\\\\\\\\\\\\\\\\\\ Fucose \\\\\\\\\\\\\\\\\\\\\	\\\\\\\\\\	\\\\\\\\\\	\\\\\\\\\\	\\\\\\\\\\	\\\\\\\\\\	\\\\\\\\\\	\\\\\\\\\\	\\\\\\\\\\
350.1446, HexNAc-dHex	90	90	0	0	0.3729024238657551	0.3729024238657551	NaN	NaN
512.1974, HexNAc-Hex-dHex (LeX/A)	690	690	0	0	2.858918582970789	2.858918582970789	NaN	NaN
674.2502, HexNAc-Hex2-dHex	97	97	0	0	0.4019059457219806	0.4019059457219806	NaN	NaN
803.2928, HexNAc-Hex-dHex-NeuAc (sLeX/A)	128	128	0	0	0.5303501139424073	0.5303501139424073	NaN	NaN
819.2908, HexNAc-Hex-dHex-NeuGc	301	301	0	0	1.2471514398176922	1.2471514398176922	NaN	NaN
877.3296, HexNAc2-Hex2-dHex (diLacNAc-Fuc)	111	111	0	0	0.4599129894344313	0.4599129894344313	NaN	NaN
