Settings:	ppmTol: , SNthreshold=3, IntensityThreshold=1000, PeakDepthThreshold_HCD=25, PeakDepthThreshold_ETD=50, PeakDepthThreshold_UVPD=25, TICfraction_HCD=0.2, TICfraction_ETD=0.05, TICfraction_UVPD=0.2
version 0.5, Start Time: 13:01:36

	Total	HCD	ETD	UVPD	%Total	%HCD	%ETD	%UVPD
MS/MS Scans	13942	13942	0	0	100	1	0	0
MS/MS Scans with OxoIons	6416	6416	-2147483648	-2147483648	46.01922249318606	46.01922249318606	NaN	NaN
Likely Glyco	1229	1229	0	0	8.81509109166547	8.81509109166547	NaN	NaN
OxoCount_1	1207	1207	0	0	8.657294505809784	8.657294505809784	NaN	NaN
OxoCount_2	854	854	0	0	6.125376560034428	6.125376560034428	NaN	NaN
OxoCount_3	654	654	0	0	4.690862143164539	4.690862143164539	NaN	NaN
OxoCount_4	641	641	0	0	4.597618706067996	4.597618706067996	NaN	NaN
OxoCount_5+	3060	3060	0	0	21.94807057810931	21.94807057810931	NaN	NaN
\\\\\\\\\\\\\\\\\\\\\\\\\\\\\\\\\\\\\\\\\\\\\\\\\\\	\\\\\\\\\\	\\\\\\\\\\	\\\\\\\\\\	\\\\\\\\\\	\\\\\\\\\\	\\\\\\\\\\	\\\\\\\\\\	\\\\\\\\\\
	Total	HCD	ETD	UVPD	%Total	%HCD	%ETD	%UVPD
\\\\\\\\\\\\\\\\\\\\\\ HexNAc \\\\\\\\\\\\\\\\\\\\\	\\\\\\\\\\	\\\\\\\\\\	\\\\\\\\\\	\\\\\\\\\\	\\\\\\\\\\	\\\\\\\\\\	\\\\\\\\\\	\\\\\\\\\\
84.0444, HexNAc - C2H8O4	0	0	0	0	0	0	NaN	NaN
126.055, HexNAc - C2H6O3	2397	2397	0	0	17.192655286185627	17.192655286185627	NaN	NaN
138.055, HexNAc - CH6O3	6029	6029	0	0	43.24343709654282	43.24343709654282	NaN	NaN
144.0655, HexNAc - C2H4O2	891	891	0	0	6.3907617271553585	6.3907617271553585	NaN	NaN
168.0655, HexNAc - 2H2O	3661	3661	0	0	26.25878640080333	26.25878640080333	NaN	NaN
186.0761, HexNAc - H2O	2158	2158	0	0	15.478410558026109	15.478410558026109	NaN	NaN
204.0867, HexNAc	4847	4847	0	0	34.765456892841776	34.765456892841776	NaN	NaN
\\\\\\\\\\\\\\\\\\\\\\ Hex \\\\\\\\\\\\\\\\\\\\\	\\\\\\\\\\	\\\\\\\\\\	\\\\\\\\\\	\\\\\\\\\\	\\\\\\\\\\	\\\\\\\\\\	\\\\\\\\\\	\\\\\\\\\\
85.0284, Hex - C2H6O3	0	0	0	0	0	0	NaN	NaN
97.0284, Hex - CH6O3	0	0	0	0	0	0	NaN	NaN
127.0390, Hex - 2H2O	416	416	0	0	2.98378998708937	2.98378998708937	NaN	NaN
145.0495, Hex - H2O	476	476	0	0	3.414144312150337	3.414144312150337	NaN	NaN
163.0601, Hex	249	249	0	0	1.7859704490030124	1.7859704490030124	NaN	NaN
\\\\\\\\\\\\\\\\\\\\\\ Sialic \\\\\\\\\\\\\\\\\\\\\	\\\\\\\\\\	\\\\\\\\\\	\\\\\\\\\\	\\\\\\\\\\	\\\\\\\\\\	\\\\\\\\\\	\\\\\\\\\\	\\\\\\\\\\
274.0921, NeuAc-H2O	2847	2847	0	0	20.420312724142878	20.420312724142878	NaN	NaN
292.1027, NeuAc	1221	1221	0	0	8.757710514990675	8.757710514990675	NaN	NaN
316.103, NeuAc[Ac] - H2O	0	0	0	0	0	0	NaN	NaN
334.113, NeuAc[Ac]	1	1	0	0	0.007172572084349448	0.007172572084349448	NaN	NaN
290.0870, NeuGc - H2O	2	2	0	0	0.014345144168698896	0.014345144168698896	NaN	NaN
308.0976, NeuGc	3	3	0	0	0.021517716253048342	0.021517716253048342	NaN	NaN
332.098, NeuGc[Ac] - H2O	0	0	0	0	0	0	NaN	NaN
350.1081, NeuGc[Ac]	1	1	0	0	0.007172572084349448	0.007172572084349448	NaN	NaN
\\\\\\\\\\\\\\\\\\\\\\ M6P \\\\\\\\\\\\\\\\\\\\\	\\\\\\\\\\	\\\\\\\\\\	\\\\\\\\\\	\\\\\\\\\\	\\\\\\\\\\	\\\\\\\\\\	\\\\\\\\\\	\\\\\\\\\\
243.0264, Man-P	3	3	0	0	0.021517716253048342	0.021517716253048342	NaN	NaN
405.0798, Man2-P	0	0	0	0	0	0	NaN	NaN
\\\\\\\\\\\\\\\\\\\\\\ Oligo \\\\\\\\\\\\\\\\\\\\\	\\\\\\\\\\	\\\\\\\\\\	\\\\\\\\\\	\\\\\\\\\\	\\\\\\\\\\	\\\\\\\\\\	\\\\\\\\\\	\\\\\\\\\\
325.1129, Hex2	282	282	0	0	2.0226653277865445	2.0226653277865445	NaN	NaN
366.1395, HexNAc-Hex	3451	3451	0	0	24.752546263089943	24.752546263089943	NaN	NaN
407.1660, HexNAc2	7	7	0	0	0.05020800459044614	0.05020800459044614	NaN	NaN
454.1555, Hex-NeuAc	36	36	0	0	0.2582125950365801	0.2582125950365801	NaN	NaN
470.1503, Hex-NeuGc	1	1	0	0	0.007172572084349448	0.007172572084349448	NaN	NaN
495.1821, HexNAc-NeuAc	16	16	0	0	0.11476115334959117	0.11476115334959117	NaN	NaN
511.1769, HexNAc-NeuGc	1	1	0	0	0.007172572084349448	0.007172572084349448	NaN	NaN
528.1923, HexNAc-Hex2	202	202	0	0	1.4488595610385884	1.4488595610385884	NaN	NaN
537.1927, HexNAc-NeuAc[Ac]	2	2	0	0	0.014345144168698896	0.014345144168698896	NaN	NaN
553.1875, HexNAc-NeuGc[Ac]	0	0	0	0	0	0	NaN	NaN
569.2188, HexNAc2-Hex	11	11	0	0	0.07889829292784392	0.07889829292784392	NaN	NaN
657.2349, HexNAc-Hex-NeuAc	853	853	0	0	6.118203987950079	6.118203987950079	NaN	NaN
673.2297, HexNAc-Hex-NeuGc	1	1	0	0	0.007172572084349448	0.007172572084349448	NaN	NaN
690.2451, HexNAc-Hex3	41	41	0	0	0.29407545545832736	0.29407545545832736	NaN	NaN
731.2717, HexNAc2-Hex2 (diLacNAc)	32	32	0	0	0.22952230669918233	0.22952230669918233	NaN	NaN
819.2877, HexNAc-Hex2-NeuAc	17	17	0	0	0.12193372543394061	0.12193372543394061	NaN	NaN
835.2825, HexNAc-Hex2-NeuGc	0	0	0	0	0	0	NaN	NaN
860.3143, HexNAc2-Hex-NeuAc	1	1	0	0	0.007172572084349448	0.007172572084349448	NaN	NaN
876.3091, HexNAc2-Hex-NeuGc	0	0	0	0	0	0	NaN	NaN
893.3245, HexNAc2-Hex3	27	27	0	0	0.1936594462774351	0.1936594462774351	NaN	NaN
948.3303, HexNAc-Hex-NeuAc2	7	7	0	0	0.05020800459044614	0.05020800459044614	NaN	NaN
964.3251, HexNAc-Hex-NeuGc2	0	0	0	0	0	0	NaN	NaN
1022.3671, HexNAc2-Hex2-NeuAc1	0	0	0	0	0	0	NaN	NaN
1038.3619, HexNAc2-Hex2-NeuGc1	0	0	0	0	0	0	NaN	NaN
1313.4625, HexNAc2-Hex2-NeuAc2	1	1	0	0	0.007172572084349448	0.007172572084349448	NaN	NaN
1329.4573, HexNAc2-Hex2-NeuGc2	1	1	0	0	0.007172572084349448	0.007172572084349448	NaN	NaN
\\\\\\\\\\\\\\\\\\\\\\ Fucose \\\\\\\\\\\\\\\\\\\\\	\\\\\\\\\\	\\\\\\\\\\	\\\\\\\\\\	\\\\\\\\\\	\\\\\\\\\\	\\\\\\\\\\	\\\\\\\\\\	\\\\\\\\\\
350.1446, HexNAc-dHex	5	5	0	0	0.03586286042174724	0.03586286042174724	NaN	NaN
512.1974, HexNAc-Hex-dHex (LeX/A)	31	31	0	0	0.22234973461483287	0.22234973461483287	NaN	NaN
674.2502, HexNAc-Hex2-dHex	4	4	0	0	0.02869028833739779	0.02869028833739779	NaN	NaN
803.2928, HexNAc-Hex-dHex-NeuAc (sLeX/A)	6	6	0	0	0.043035432506096684	0.043035432506096684	NaN	NaN
819.2908, HexNAc-Hex-dHex-NeuGc	17	17	0	0	0.12193372543394061	0.12193372543394061	NaN	NaN
877.3296, HexNAc2-Hex2-dHex (diLacNAc-Fuc)	3	3	0	0	0.021517716253048342	0.021517716253048342	NaN	NaN
