Settings:	ppmTol: , SNthreshold=3, IntensityThreshold=1000, PeakDepthThreshold_HCD=25, PeakDepthThreshold_ETD=50, PeakDepthThreshold_UVPD=25, TICfraction_HCD=0.2, TICfraction_ETD=0.05, TICfraction_UVPD=0.2
version 0.5, Start Time: 13:01:36

	Total	HCD	ETD	UVPD	%Total	%HCD	%ETD	%UVPD
MS/MS Scans	23875	23875	0	0	100	1	0	0
MS/MS Scans with OxoIons	21058	21058	-2147483648	-2147483648	88.20104712041883	88.20104712041883	NaN	NaN
Likely Glyco	15644	15644	0	0	65.52460732984294	65.52460732984294	NaN	NaN
OxoCount_1	610	610	0	0	2.554973821989529	2.554973821989529	NaN	NaN
OxoCount_2	455	455	0	0	1.905759162303665	1.905759162303665	NaN	NaN
OxoCount_3	453	453	0	0	1.8973821989528799	1.8973821989528799	NaN	NaN
OxoCount_4	435	435	0	0	1.8219895287958114	1.8219895287958114	NaN	NaN
OxoCount_5+	19105	19105	0	0	80.02094240837695	80.02094240837695	NaN	NaN
\\\\\\\\\\\\\\\\\\\\\\\\\\\\\\\\\\\\\\\\\\\\\\\\\\\	\\\\\\\\\\	\\\\\\\\\\	\\\\\\\\\\	\\\\\\\\\\	\\\\\\\\\\	\\\\\\\\\\	\\\\\\\\\\	\\\\\\\\\\
	Total	HCD	ETD	UVPD	%Total	%HCD	%ETD	%UVPD
\\\\\\\\\\\\\\\\\\\\\\ HexNAc \\\\\\\\\\\\\\\\\\\\\	\\\\\\\\\\	\\\\\\\\\\	\\\\\\\\\\	\\\\\\\\\\	\\\\\\\\\\	\\\\\\\\\\	\\\\\\\\\\	\\\\\\\\\\
84.0444, HexNAc - C2H8O4	0	0	0	0	0	0	NaN	NaN
126.055, HexNAc - C2H6O3	18426	18426	0	0	77.17696335078534	77.17696335078534	NaN	NaN
138.055, HexNAc - CH6O3	20685	20685	0	0	86.63874345549738	86.63874345549738	NaN	NaN
144.0655, HexNAc - C2H4O2	12711	12711	0	0	53.23979057591623	53.23979057591623	NaN	NaN
168.0655, HexNAc - 2H2O	19516	19516	0	0	81.74240837696335	81.74240837696335	NaN	NaN
186.0761, HexNAc - H2O	18112	18112	0	0	75.86178010471204	75.86178010471204	NaN	NaN
204.0867, HexNAc	20220	20220	0	0	84.69109947643979	84.69109947643979	NaN	NaN
\\\\\\\\\\\\\\\\\\\\\\ Hex \\\\\\\\\\\\\\\\\\\\\	\\\\\\\\\\	\\\\\\\\\\	\\\\\\\\\\	\\\\\\\\\\	\\\\\\\\\\	\\\\\\\\\\	\\\\\\\\\\	\\\\\\\\\\
85.0284, Hex - C2H6O3	0	0	0	0	0	0	NaN	NaN
97.0284, Hex - CH6O3	0	0	0	0	0	0	NaN	NaN
127.0390, Hex - 2H2O	914	914	0	0	3.828272251308901	3.828272251308901	NaN	NaN
145.0495, Hex - H2O	533	533	0	0	2.232460732984293	2.232460732984293	NaN	NaN
163.0601, Hex	510	510	0	0	2.136125654450262	2.136125654450262	NaN	NaN
\\\\\\\\\\\\\\\\\\\\\\ Sialic \\\\\\\\\\\\\\\\\\\\\	\\\\\\\\\\	\\\\\\\\\\	\\\\\\\\\\	\\\\\\\\\\	\\\\\\\\\\	\\\\\\\\\\	\\\\\\\\\\	\\\\\\\\\\
274.0921, NeuAc-H2O	19403	19403	0	0	81.26910994764398	81.26910994764398	NaN	NaN
292.1027, NeuAc	14461	14461	0	0	60.5696335078534	60.5696335078534	NaN	NaN
316.103, NeuAc[Ac] - H2O	0	0	0	0	0	0	NaN	NaN
334.113, NeuAc[Ac]	0	0	0	0	0	0	NaN	NaN
290.0870, NeuGc - H2O	8	8	0	0	0.03350785340314136	0.03350785340314136	NaN	NaN
308.0976, NeuGc	0	0	0	0	0	0	NaN	NaN
332.098, NeuGc[Ac] - H2O	0	0	0	0	0	0	NaN	NaN
350.1081, NeuGc[Ac]	0	0	0	0	0	0	NaN	NaN
\\\\\\\\\\\\\\\\\\\\\\ M6P \\\\\\\\\\\\\\\\\\\\\	\\\\\\\\\\	\\\\\\\\\\	\\\\\\\\\\	\\\\\\\\\\	\\\\\\\\\\	\\\\\\\\\\	\\\\\\\\\\	\\\\\\\\\\
243.0264, Man-P	12	12	0	0	0.05026178010471205	0.05026178010471205	NaN	NaN
405.0798, Man2-P	3	3	0	0	0.012565445026178013	0.012565445026178013	NaN	NaN
\\\\\\\\\\\\\\\\\\\\\\ Oligo \\\\\\\\\\\\\\\\\\\\\	\\\\\\\\\\	\\\\\\\\\\	\\\\\\\\\\	\\\\\\\\\\	\\\\\\\\\\	\\\\\\\\\\	\\\\\\\\\\	\\\\\\\\\\
325.1129, Hex2	77	77	0	0	0.3225130890052356	0.3225130890052356	NaN	NaN
366.1395, HexNAc-Hex	19225	19225	0	0	80.52356020942409	80.52356020942409	NaN	NaN
407.1660, HexNAc2	19	19	0	0	0.07958115183246073	0.07958115183246073	NaN	NaN
454.1555, Hex-NeuAc	732	732	0	0	3.0659685863874344	3.0659685863874344	NaN	NaN
470.1503, Hex-NeuGc	1	1	0	0	0.00418848167539267	0.00418848167539267	NaN	NaN
495.1821, HexNAc-NeuAc	94	94	0	0	0.393717277486911	0.393717277486911	NaN	NaN
511.1769, HexNAc-NeuGc	0	0	0	0	0	0	NaN	NaN
528.1923, HexNAc-Hex2	1784	1784	0	0	7.472251308900524	7.472251308900524	NaN	NaN
537.1927, HexNAc-NeuAc[Ac]	0	0	0	0	0	0	NaN	NaN
553.1875, HexNAc-NeuGc[Ac]	0	0	0	0	0	0	NaN	NaN
569.2188, HexNAc2-Hex	633	633	0	0	2.6513089005235604	2.6513089005235604	NaN	NaN
657.2349, HexNAc-Hex-NeuAc	9214	9214	0	0	38.59267015706806	38.59267015706806	NaN	NaN
673.2297, HexNAc-Hex-NeuGc	1	1	0	0	0.00418848167539267	0.00418848167539267	NaN	NaN
690.2451, HexNAc-Hex3	301	301	0	0	1.2607329842931936	1.2607329842931936	NaN	NaN
731.2717, HexNAc2-Hex2 (diLacNAc)	1262	1262	0	0	5.28586387434555	5.28586387434555	NaN	NaN
819.2877, HexNAc-Hex2-NeuAc	324	324	0	0	1.3570680628272251	1.3570680628272251	NaN	NaN
835.2825, HexNAc-Hex2-NeuGc	0	0	0	0	0	0	NaN	NaN
860.3143, HexNAc2-Hex-NeuAc	2	2	0	0	0.00837696335078534	0.00837696335078534	NaN	NaN
876.3091, HexNAc2-Hex-NeuGc	0	0	0	0	0	0	NaN	NaN
893.3245, HexNAc2-Hex3	263	263	0	0	1.1015706806282723	1.1015706806282723	NaN	NaN
948.3303, HexNAc-Hex-NeuAc2	23	23	0	0	0.09633507853403141	0.09633507853403141	NaN	NaN
964.3251, HexNAc-Hex-NeuGc2	4	4	0	0	0.01675392670157068	0.01675392670157068	NaN	NaN
1022.3671, HexNAc2-Hex2-NeuAc1	39	39	0	0	0.16335078534031414	0.16335078534031414	NaN	NaN
1038.3619, HexNAc2-Hex2-NeuGc1	0	0	0	0	0	0	NaN	NaN
1313.4625, HexNAc2-Hex2-NeuAc2	0	0	0	0	0	0	NaN	NaN
1329.4573, HexNAc2-Hex2-NeuGc2	2	2	0	0	0.00837696335078534	0.00837696335078534	NaN	NaN
\\\\\\\\\\\\\\\\\\\\\\ Fucose \\\\\\\\\\\\\\\\\\\\\	\\\\\\\\\\	\\\\\\\\\\	\\\\\\\\\\	\\\\\\\\\\	\\\\\\\\\\	\\\\\\\\\\	\\\\\\\\\\	\\\\\\\\\\
350.1446, HexNAc-dHex	23	23	0	0	0.09633507853403141	0.09633507853403141	NaN	NaN
512.1974, HexNAc-Hex-dHex (LeX/A)	621	621	0	0	2.601047120418848	2.601047120418848	NaN	NaN
674.2502, HexNAc-Hex2-dHex	16	16	0	0	0.06701570680628272	0.06701570680628272	NaN	NaN
803.2928, HexNAc-Hex-dHex-NeuAc (sLeX/A)	111	111	0	0	0.46492146596858636	0.46492146596858636	NaN	NaN
819.2908, HexNAc-Hex-dHex-NeuGc	325	325	0	0	1.3612565445026177	1.3612565445026177	NaN	NaN
877.3296, HexNAc2-Hex2-dHex (diLacNAc-Fuc)	42	42	0	0	0.17591623036649215	0.17591623036649215	NaN	NaN
