Settings:	ppmTol: , SNthreshold=3, IntensityThreshold=1000, PeakDepthThreshold_HCD=25, PeakDepthThreshold_ETD=50, PeakDepthThreshold_UVPD=25, TICfraction_HCD=0.2, TICfraction_ETD=0.05, TICfraction_UVPD=0.2
version 0.5, Start Time: 13:01:36

	Total	HCD	ETD	UVPD	%Total	%HCD	%ETD	%UVPD
MS/MS Scans	24267	24267	0	0	100	1	0	0
MS/MS Scans with OxoIons	22636	22636	-2147483648	-2147483648	93.27893847611983	93.27893847611983	NaN	NaN
Likely Glyco	20628	20628	0	0	85.00432686364199	85.00432686364199	NaN	NaN
OxoCount_1	273	273	0	0	1.1249845469155644	1.1249845469155644	NaN	NaN
OxoCount_2	192	192	0	0	0.7911979231054519	0.7911979231054519	NaN	NaN
OxoCount_3	155	155	0	0	0.6387274900070055	0.6387274900070055	NaN	NaN
OxoCount_4	186	186	0	0	0.7664729880084065	0.7664729880084065	NaN	NaN
OxoCount_5+	21830	21830	0	0	89.9575555280834	89.9575555280834	NaN	NaN
\\\\\\\\\\\\\\\\\\\\\\\\\\\\\\\\\\\\\\\\\\\\\\\\\\\	\\\\\\\\\\	\\\\\\\\\\	\\\\\\\\\\	\\\\\\\\\\	\\\\\\\\\\	\\\\\\\\\\	\\\\\\\\\\	\\\\\\\\\\
	Total	HCD	ETD	UVPD	%Total	%HCD	%ETD	%UVPD
\\\\\\\\\\\\\\\\\\\\\\ HexNAc \\\\\\\\\\\\\\\\\\\\\	\\\\\\\\\\	\\\\\\\\\\	\\\\\\\\\\	\\\\\\\\\\	\\\\\\\\\\	\\\\\\\\\\	\\\\\\\\\\	\\\\\\\\\\
84.0444, HexNAc - C2H8O4	0	0	0	0	0	0	NaN	NaN
126.055, HexNAc - C2H6O3	21793	21793	0	0	89.80508509498496	89.80508509498496	NaN	NaN
138.055, HexNAc - CH6O3	22591	22591	0	0	93.093501462892	93.093501462892	NaN	NaN
144.0655, HexNAc - C2H4O2	20413	20413	0	0	84.11835002266453	84.11835002266453	NaN	NaN
168.0655, HexNAc - 2H2O	22045	22045	0	0	90.84353236906087	90.84353236906087	NaN	NaN
186.0761, HexNAc - H2O	21538	21538	0	0	88.75427535336054	88.75427535336054	NaN	NaN
204.0867, HexNAc	22321	22321	0	0	91.98087938352495	91.98087938352495	NaN	NaN
\\\\\\\\\\\\\\\\\\\\\\ Hex \\\\\\\\\\\\\\\\\\\\\	\\\\\\\\\\	\\\\\\\\\\	\\\\\\\\\\	\\\\\\\\\\	\\\\\\\\\\	\\\\\\\\\\	\\\\\\\\\\	\\\\\\\\\\
85.0284, Hex - C2H6O3	0	0	0	0	0	0	NaN	NaN
97.0284, Hex - CH6O3	0	0	0	0	0	0	NaN	NaN
127.0390, Hex - 2H2O	13773	13773	0	0	56.75608851526764	56.75608851526764	NaN	NaN
145.0495, Hex - H2O	8392	8392	0	0	34.58194255573412	34.58194255573412	NaN	NaN
163.0601, Hex	7844	7844	0	0	32.32373181687065	32.32373181687065	NaN	NaN
\\\\\\\\\\\\\\\\\\\\\\ Sialic \\\\\\\\\\\\\\\\\\\\\	\\\\\\\\\\	\\\\\\\\\\	\\\\\\\\\\	\\\\\\\\\\	\\\\\\\\\\	\\\\\\\\\\	\\\\\\\\\\	\\\\\\\\\\
274.0921, NeuAc-H2O	21491	21491	0	0	88.56059669510034	88.56059669510034	NaN	NaN
292.1027, NeuAc	20427	20427	0	0	84.17604153789097	84.17604153789097	NaN	NaN
316.103, NeuAc[Ac] - H2O	27	27	0	0	0.11126220793670417	0.11126220793670417	NaN	NaN
334.113, NeuAc[Ac]	2	2	0	0	0.008241645032348456	0.008241645032348456	NaN	NaN
290.0870, NeuGc - H2O	233	233	0	0	0.9601516462685953	0.9601516462685953	NaN	NaN
308.0976, NeuGc	65	65	0	0	0.26785346355132483	0.26785346355132483	NaN	NaN
332.098, NeuGc[Ac] - H2O	1	1	0	0	0.004120822516174228	0.004120822516174228	NaN	NaN
350.1081, NeuGc[Ac]	1	1	0	0	0.004120822516174228	0.004120822516174228	NaN	NaN
\\\\\\\\\\\\\\\\\\\\\\ M6P \\\\\\\\\\\\\\\\\\\\\	\\\\\\\\\\	\\\\\\\\\\	\\\\\\\\\\	\\\\\\\\\\	\\\\\\\\\\	\\\\\\\\\\	\\\\\\\\\\	\\\\\\\\\\
243.0264, Man-P	121	121	0	0	0.49861952445708163	0.49861952445708163	NaN	NaN
405.0798, Man2-P	40	40	0	0	0.16483290064696912	0.16483290064696912	NaN	NaN
\\\\\\\\\\\\\\\\\\\\\\ Oligo \\\\\\\\\\\\\\\\\\\\\	\\\\\\\\\\	\\\\\\\\\\	\\\\\\\\\\	\\\\\\\\\\	\\\\\\\\\\	\\\\\\\\\\	\\\\\\\\\\	\\\\\\\\\\
325.1129, Hex2	661	661	0	0	2.723863683191165	2.723863683191165	NaN	NaN
366.1395, HexNAc-Hex	21851	21851	0	0	90.04409280092305	90.04409280092305	NaN	NaN
407.1660, HexNAc2	471	471	0	0	1.9409074051180617	1.9409074051180617	NaN	NaN
454.1555, Hex-NeuAc	7434	7434	0	0	30.634194585239214	30.634194585239214	NaN	NaN
470.1503, Hex-NeuGc	7	7	0	0	0.0288457576132196	0.0288457576132196	NaN	NaN
495.1821, HexNAc-NeuAc	865	865	0	0	3.5645114764907073	3.5645114764907073	NaN	NaN
511.1769, HexNAc-NeuGc	2	2	0	0	0.008241645032348456	0.008241645032348456	NaN	NaN
528.1923, HexNAc-Hex2	17130	17130	0	0	70.58968970206453	70.58968970206453	NaN	NaN
537.1927, HexNAc-NeuAc[Ac]	4	4	0	0	0.016483290064696912	0.016483290064696912	NaN	NaN
553.1875, HexNAc-NeuGc[Ac]	6	6	0	0	0.02472493509704537	0.02472493509704537	NaN	NaN
569.2188, HexNAc2-Hex	2666	2666	0	0	10.986112828120492	10.986112828120492	NaN	NaN
657.2349, HexNAc-Hex-NeuAc	19346	19346	0	0	79.72143239790663	79.72143239790663	NaN	NaN
673.2297, HexNAc-Hex-NeuGc	63	63	0	0	0.25961181851897636	0.25961181851897636	NaN	NaN
690.2451, HexNAc-Hex3	5529	5529	0	0	22.784027691927307	22.784027691927307	NaN	NaN
731.2717, HexNAc2-Hex2 (diLacNAc)	4961	4961	0	0	20.443400502740346	20.443400502740346	NaN	NaN
819.2877, HexNAc-Hex2-NeuAc	2821	2821	0	0	11.624840318127498	11.624840318127498	NaN	NaN
835.2825, HexNAc-Hex2-NeuGc	1	1	0	0	0.004120822516174228	0.004120822516174228	NaN	NaN
860.3143, HexNAc2-Hex-NeuAc	7	7	0	0	0.0288457576132196	0.0288457576132196	NaN	NaN
876.3091, HexNAc2-Hex-NeuGc	0	0	0	0	0	0	NaN	NaN
893.3245, HexNAc2-Hex3	3922	3922	0	0	16.161865908435324	16.161865908435324	NaN	NaN
948.3303, HexNAc-Hex-NeuAc2	171	171	0	0	0.704660650265793	0.704660650265793	NaN	NaN
964.3251, HexNAc-Hex-NeuGc2	9	9	0	0	0.037087402645568056	0.037087402645568056	NaN	NaN
1022.3671, HexNAc2-Hex2-NeuAc1	182	182	0	0	0.7499896979437095	0.7499896979437095	NaN	NaN
1038.3619, HexNAc2-Hex2-NeuGc1	0	0	0	0	0	0	NaN	NaN
1313.4625, HexNAc2-Hex2-NeuAc2	24	24	0	0	0.09889974038818149	0.09889974038818149	NaN	NaN
1329.4573, HexNAc2-Hex2-NeuGc2	41	41	0	0	0.16895372316314336	0.16895372316314336	NaN	NaN
\\\\\\\\\\\\\\\\\\\\\\ Fucose \\\\\\\\\\\\\\\\\\\\\	\\\\\\\\\\	\\\\\\\\\\	\\\\\\\\\\	\\\\\\\\\\	\\\\\\\\\\	\\\\\\\\\\	\\\\\\\\\\	\\\\\\\\\\
350.1446, HexNAc-dHex	305	305	0	0	1.2568508674331398	1.2568508674331398	NaN	NaN
512.1974, HexNAc-Hex-dHex (LeX/A)	2304	2304	0	0	9.494375077265422	9.494375077265422	NaN	NaN
674.2502, HexNAc-Hex2-dHex	128	128	0	0	0.5274652820703012	0.5274652820703012	NaN	NaN
803.2928, HexNAc-Hex-dHex-NeuAc (sLeX/A)	620	620	0	0	2.554909960028022	2.554909960028022	NaN	NaN
819.2908, HexNAc-Hex-dHex-NeuGc	2822	2822	0	0	11.628961140643671	11.628961140643671	NaN	NaN
877.3296, HexNAc2-Hex2-dHex (diLacNAc-Fuc)	48	48	0	0	0.19779948077636297	0.19779948077636297	NaN	NaN
