Settings:	ppmTol: , SNthreshold=3, IntensityThreshold=1000, PeakDepthThreshold_HCD=25, PeakDepthThreshold_ETD=50, PeakDepthThreshold_UVPD=25, TICfraction_HCD=0.2, TICfraction_ETD=0.05, TICfraction_UVPD=0.2
version 0.5, Start Time: 20:57:03

	Total	HCD	ETD	UVPD	%Total	%HCD	%ETD	%UVPD
MS/MS Scans	14367	14367	0	0	100	1	0	0
MS/MS Scans with OxoIons	13941	13941	-2147483648	-2147483648	97.03487158070578	97.03487158070578	NaN	NaN
Likely Glyco	12939	12939	0	0	90.06055543954896	90.06055543954896	NaN	NaN
OxoCount_1	128	128	0	0	0.890930604858356	0.890930604858356	NaN	NaN
OxoCount_2	71	71	0	0	0.49418806988236935	0.49418806988236935	NaN	NaN
OxoCount_3	68	68	0	0	0.4733068838310016	0.4733068838310016	NaN	NaN
OxoCount_4	52	52	0	0	0.36194055822370713	0.36194055822370713	NaN	NaN
OxoCount_5+	13622	13622	0	0	94.81450546391035	94.81450546391035	NaN	NaN
\\\\\\\\\\\\\\\\\\\\\\\\\\\\\\\\\\\\\\\\\\\\\\\\\\\	\\\\\\\\\\	\\\\\\\\\\	\\\\\\\\\\	\\\\\\\\\\	\\\\\\\\\\	\\\\\\\\\\	\\\\\\\\\\	\\\\\\\\\\
	Total	HCD	ETD	UVPD	%Total	%HCD	%ETD	%UVPD
\\\\\\\\\\\\\\\\\\\\\\ HexNAc \\\\\\\\\\\\\\\\\\\\\	\\\\\\\\\\	\\\\\\\\\\	\\\\\\\\\\	\\\\\\\\\\	\\\\\\\\\\	\\\\\\\\\\	\\\\\\\\\\	\\\\\\\\\\
84.0444, HexNAc - C2H8O4	0	0	0	0	0	0	NaN	NaN
126.055, HexNAc - C2H6O3	13694	13694	0	0	95.31565392914317	95.31565392914317	NaN	NaN
138.055, HexNAc - CH6O3	13830	13830	0	0	96.26226769680518	96.26226769680518	NaN	NaN
144.0655, HexNAc - C2H4O2	13114	13114	0	0	91.27862462587875	91.27862462587875	NaN	NaN
168.0655, HexNAc - 2H2O	13681	13681	0	0	95.22516878958724	95.22516878958724	NaN	NaN
186.0761, HexNAc - H2O	13541	13541	0	0	94.25071344052343	94.25071344052343	NaN	NaN
204.0867, HexNAc	13767	13767	0	0	95.82376278972646	95.82376278972646	NaN	NaN
\\\\\\\\\\\\\\\\\\\\\\ Hex \\\\\\\\\\\\\\\\\\\\\	\\\\\\\\\\	\\\\\\\\\\	\\\\\\\\\\	\\\\\\\\\\	\\\\\\\\\\	\\\\\\\\\\	\\\\\\\\\\	\\\\\\\\\\
85.0284, Hex - C2H6O3	0	0	0	0	0	0	NaN	NaN
97.0284, Hex - CH6O3	0	0	0	0	0	0	NaN	NaN
127.0390, Hex - 2H2O	9826	9826	0	0	68.39284471357973	68.39284471357973	NaN	NaN
145.0495, Hex - H2O	7048	7048	0	0	49.05686643001322	49.05686643001322	NaN	NaN
163.0601, Hex	5758	5758	0	0	40.0779564279251	40.0779564279251	NaN	NaN
\\\\\\\\\\\\\\\\\\\\\\ Sialic \\\\\\\\\\\\\\\\\\\\\	\\\\\\\\\\	\\\\\\\\\\	\\\\\\\\\\	\\\\\\\\\\	\\\\\\\\\\	\\\\\\\\\\	\\\\\\\\\\	\\\\\\\\\\
274.0921, NeuAc-H2O	13545	13545	0	0	94.27855502192524	94.27855502192524	NaN	NaN
292.1027, NeuAc	13252	13252	0	0	92.23915918424167	92.23915918424167	NaN	NaN
316.103, NeuAc[Ac] - H2O	19	19	0	0	0.13224751165866222	0.13224751165866222	NaN	NaN
334.113, NeuAc[Ac]	7	7	0	0	0.04872276745319134	0.04872276745319134	NaN	NaN
290.0870, NeuGc - H2O	280	280	0	0	1.9489106981276534	1.9489106981276534	NaN	NaN
308.0976, NeuGc	73	73	0	0	0.5081088605832811	0.5081088605832811	NaN	NaN
332.098, NeuGc[Ac] - H2O	8	8	0	0	0.05568316280364725	0.05568316280364725	NaN	NaN
350.1081, NeuGc[Ac]	1	1	0	0	0.006960395350455906	0.006960395350455906	NaN	NaN
\\\\\\\\\\\\\\\\\\\\\\ M6P \\\\\\\\\\\\\\\\\\\\\	\\\\\\\\\\	\\\\\\\\\\	\\\\\\\\\\	\\\\\\\\\\	\\\\\\\\\\	\\\\\\\\\\	\\\\\\\\\\	\\\\\\\\\\
243.0264, Man-P	79	79	0	0	0.5498712326860166	0.5498712326860166	NaN	NaN
405.0798, Man2-P	36	36	0	0	0.2505742326164126	0.2505742326164126	NaN	NaN
\\\\\\\\\\\\\\\\\\\\\\ Oligo \\\\\\\\\\\\\\\\\\\\\	\\\\\\\\\\	\\\\\\\\\\	\\\\\\\\\\	\\\\\\\\\\	\\\\\\\\\\	\\\\\\\\\\	\\\\\\\\\\	\\\\\\\\\\
325.1129, Hex2	842	842	0	0	5.860652885083873	5.860652885083873	NaN	NaN
366.1395, HexNAc-Hex	13610	13610	0	0	94.73098071970489	94.73098071970489	NaN	NaN
407.1660, HexNAc2	1084	1084	0	0	7.545068559894203	7.545068559894203	NaN	NaN
454.1555, Hex-NeuAc	9385	9385	0	0	65.32331036402867	65.32331036402867	NaN	NaN
470.1503, Hex-NeuGc	28	28	0	0	0.19489106981276536	0.19489106981276536	NaN	NaN
495.1821, HexNAc-NeuAc	2313	2313	0	0	16.09939444560451	16.09939444560451	NaN	NaN
511.1769, HexNAc-NeuGc	318	318	0	0	2.213405721444978	2.213405721444978	NaN	NaN
528.1923, HexNAc-Hex2	12081	12081	0	0	84.0885362288578	84.0885362288578	NaN	NaN
537.1927, HexNAc-NeuAc[Ac]	80	80	0	0	0.5568316280364725	0.5568316280364725	NaN	NaN
553.1875, HexNAc-NeuGc[Ac]	5	5	0	0	0.03480197675227953	0.03480197675227953	NaN	NaN
569.2188, HexNAc2-Hex	4282	4282	0	0	29.804412890652188	29.804412890652188	NaN	NaN
657.2349, HexNAc-Hex-NeuAc	13023	13023	0	0	90.64522864898727	90.64522864898727	NaN	NaN
673.2297, HexNAc-Hex-NeuGc	93	93	0	0	0.6473167675923992	0.6473167675923992	NaN	NaN
690.2451, HexNAc-Hex3	6491	6491	0	0	45.17992621980929	45.17992621980929	NaN	NaN
731.2717, HexNAc2-Hex2 (diLacNAc)	7535	7535	0	0	52.446578965685255	52.446578965685255	NaN	NaN
819.2877, HexNAc-Hex2-NeuAc	6316	6316	0	0	43.961857033479504	43.961857033479504	NaN	NaN
835.2825, HexNAc-Hex2-NeuGc	13	13	0	0	0.09048513955592678	0.09048513955592678	NaN	NaN
860.3143, HexNAc2-Hex-NeuAc	41	41	0	0	0.2853762093686921	0.2853762093686921	NaN	NaN
876.3091, HexNAc2-Hex-NeuGc	6	6	0	0	0.04176237210273544	0.04176237210273544	NaN	NaN
893.3245, HexNAc2-Hex3	6326	6326	0	0	44.03146098698406	44.03146098698406	NaN	NaN
948.3303, HexNAc-Hex-NeuAc2	479	479	0	0	3.3340293728683785	3.3340293728683785	NaN	NaN
964.3251, HexNAc-Hex-NeuGc2	4	4	0	0	0.027841581401823624	0.027841581401823624	NaN	NaN
1022.3671, HexNAc2-Hex2-NeuAc1	554	554	0	0	3.856059024152572	3.856059024152572	NaN	NaN
1038.3619, HexNAc2-Hex2-NeuGc1	3	3	0	0	0.02088118605136772	0.02088118605136772	NaN	NaN
1313.4625, HexNAc2-Hex2-NeuAc2	11	11	0	0	0.07656434885501497	0.07656434885501497	NaN	NaN
1329.4573, HexNAc2-Hex2-NeuGc2	1	1	0	0	0.006960395350455906	0.006960395350455906	NaN	NaN
\\\\\\\\\\\\\\\\\\\\\\ Fucose \\\\\\\\\\\\\\\\\\\\\	\\\\\\\\\\	\\\\\\\\\\	\\\\\\\\\\	\\\\\\\\\\	\\\\\\\\\\	\\\\\\\\\\	\\\\\\\\\\	\\\\\\\\\\
350.1446, HexNAc-dHex	974	974	0	0	6.779425071344053	6.779425071344053	NaN	NaN
512.1974, HexNAc-Hex-dHex (LeX/A)	5359	5359	0	0	37.3007586830932	37.3007586830932	NaN	NaN
674.2502, HexNAc-Hex2-dHex	309	309	0	0	2.150762163290875	2.150762163290875	NaN	NaN
803.2928, HexNAc-Hex-dHex-NeuAc (sLeX/A)	3036	3036	0	0	21.13176028398413	21.13176028398413	NaN	NaN
819.2908, HexNAc-Hex-dHex-NeuGc	6307	6307	0	0	43.899213475325396	43.899213475325396	NaN	NaN
877.3296, HexNAc2-Hex2-dHex (diLacNAc-Fuc)	177	177	0	0	1.2319899770306955	1.2319899770306955	NaN	NaN
