Settings:	ppmTol: , SNthreshold=3, IntensityThreshold=1000, PeakDepthThreshold_HCD=25, PeakDepthThreshold_ETD=50, PeakDepthThreshold_UVPD=25, TICfraction_HCD=0.2, TICfraction_ETD=0.05, TICfraction_UVPD=0.2
version 0.5, Start Time: 20:57:03

	Total	HCD	ETD	UVPD	%Total	%HCD	%ETD	%UVPD
MS/MS Scans	14359	14359	0	0	100	1	0	0
MS/MS Scans with OxoIons	13889	13889	-2147483648	-2147483648	96.72679155930079	96.72679155930079	NaN	NaN
Likely Glyco	12842	12842	0	0	89.43519743714742	89.43519743714742	NaN	NaN
OxoCount_1	108	108	0	0	0.7521415140330107	0.7521415140330107	NaN	NaN
OxoCount_2	71	71	0	0	0.49446340274392364	0.49446340274392364	NaN	NaN
OxoCount_3	60	60	0	0	0.4178563966850059	0.4178563966850059	NaN	NaN
OxoCount_4	45	45	0	0	0.3133922975137544	0.3133922975137544	NaN	NaN
OxoCount_5+	13605	13605	0	0	94.74893794832509	94.74893794832509	NaN	NaN
\\\\\\\\\\\\\\\\\\\\\\\\\\\\\\\\\\\\\\\\\\\\\\\\\\\	\\\\\\\\\\	\\\\\\\\\\	\\\\\\\\\\	\\\\\\\\\\	\\\\\\\\\\	\\\\\\\\\\	\\\\\\\\\\	\\\\\\\\\\
	Total	HCD	ETD	UVPD	%Total	%HCD	%ETD	%UVPD
\\\\\\\\\\\\\\\\\\\\\\ HexNAc \\\\\\\\\\\\\\\\\\\\\	\\\\\\\\\\	\\\\\\\\\\	\\\\\\\\\\	\\\\\\\\\\	\\\\\\\\\\	\\\\\\\\\\	\\\\\\\\\\	\\\\\\\\\\
84.0444, HexNAc - C2H8O4	0	0	0	0	0	0	NaN	NaN
126.055, HexNAc - C2H6O3	13649	13649	0	0	95.05536597256076	95.05536597256076	NaN	NaN
138.055, HexNAc - CH6O3	13784	13784	0	0	95.99554286510202	95.99554286510202	NaN	NaN
144.0655, HexNAc - C2H4O2	13031	13031	0	0	90.7514450867052	90.7514450867052	NaN	NaN
168.0655, HexNAc - 2H2O	13663	13663	0	0	95.15286579845393	95.15286579845393	NaN	NaN
186.0761, HexNAc - H2O	13504	13504	0	0	94.04554634723866	94.04554634723866	NaN	NaN
204.0867, HexNAc	13730	13730	0	0	95.61947210808552	95.61947210808552	NaN	NaN
\\\\\\\\\\\\\\\\\\\\\\ Hex \\\\\\\\\\\\\\\\\\\\\	\\\\\\\\\\	\\\\\\\\\\	\\\\\\\\\\	\\\\\\\\\\	\\\\\\\\\\	\\\\\\\\\\	\\\\\\\\\\	\\\\\\\\\\
85.0284, Hex - C2H6O3	0	0	0	0	0	0	NaN	NaN
97.0284, Hex - CH6O3	0	0	0	0	0	0	NaN	NaN
127.0390, Hex - 2H2O	9825	9825	0	0	68.42398495716971	68.42398495716971	NaN	NaN
145.0495, Hex - H2O	7107	7107	0	0	49.49509018733895	49.49509018733895	NaN	NaN
163.0601, Hex	5716	5716	0	0	39.80778605752489	39.80778605752489	NaN	NaN
\\\\\\\\\\\\\\\\\\\\\\ Sialic \\\\\\\\\\\\\\\\\\\\\	\\\\\\\\\\	\\\\\\\\\\	\\\\\\\\\\	\\\\\\\\\\	\\\\\\\\\\	\\\\\\\\\\	\\\\\\\\\\	\\\\\\\\\\
274.0921, NeuAc-H2O	13482	13482	0	0	93.89233233512083	93.89233233512083	NaN	NaN
292.1027, NeuAc	13159	13159	0	0	91.64287206629989	91.64287206629989	NaN	NaN
316.103, NeuAc[Ac] - H2O	28	28	0	0	0.1949996517863361	0.1949996517863361	NaN	NaN
334.113, NeuAc[Ac]	10	10	0	0	0.06964273278083431	0.06964273278083431	NaN	NaN
290.0870, NeuGc - H2O	256	256	0	0	1.7828539591893586	1.7828539591893586	NaN	NaN
308.0976, NeuGc	76	76	0	0	0.5292847691343409	0.5292847691343409	NaN	NaN
332.098, NeuGc[Ac] - H2O	8	8	0	0	0.05571418622466746	0.05571418622466746	NaN	NaN
350.1081, NeuGc[Ac]	2	2	0	0	0.013928546556166864	0.013928546556166864	NaN	NaN
\\\\\\\\\\\\\\\\\\\\\\ M6P \\\\\\\\\\\\\\\\\\\\\	\\\\\\\\\\	\\\\\\\\\\	\\\\\\\\\\	\\\\\\\\\\	\\\\\\\\\\	\\\\\\\\\\	\\\\\\\\\\	\\\\\\\\\\
243.0264, Man-P	98	98	0	0	0.6824987812521763	0.6824987812521763	NaN	NaN
405.0798, Man2-P	35	35	0	0	0.24374956473292012	0.24374956473292012	NaN	NaN
\\\\\\\\\\\\\\\\\\\\\\ Oligo \\\\\\\\\\\\\\\\\\\\\	\\\\\\\\\\	\\\\\\\\\\	\\\\\\\\\\	\\\\\\\\\\	\\\\\\\\\\	\\\\\\\\\\	\\\\\\\\\\	\\\\\\\\\\
325.1129, Hex2	892	892	0	0	6.2121317640504214	6.2121317640504214	NaN	NaN
366.1395, HexNAc-Hex	13593	13593	0	0	94.6653666689881	94.6653666689881	NaN	NaN
407.1660, HexNAc2	1071	1071	0	0	7.458736680827356	7.458736680827356	NaN	NaN
454.1555, Hex-NeuAc	9462	9462	0	0	65.89595375722543	65.89595375722543	NaN	NaN
470.1503, Hex-NeuGc	31	31	0	0	0.21589247162058636	0.21589247162058636	NaN	NaN
495.1821, HexNAc-NeuAc	2258	2258	0	0	15.725329061912388	15.725329061912388	NaN	NaN
511.1769, HexNAc-NeuGc	360	360	0	0	2.5071383801100353	2.5071383801100353	NaN	NaN
528.1923, HexNAc-Hex2	12094	12094	0	0	84.22592102514102	84.22592102514102	NaN	NaN
537.1927, HexNAc-NeuAc[Ac]	111	111	0	0	0.773034333867261	0.773034333867261	NaN	NaN
553.1875, HexNAc-NeuGc[Ac]	6	6	0	0	0.04178563966850059	0.04178563966850059	NaN	NaN
569.2188, HexNAc2-Hex	4356	4356	0	0	30.33637439933143	30.33637439933143	NaN	NaN
657.2349, HexNAc-Hex-NeuAc	12940	12940	0	0	90.11769621839962	90.11769621839962	NaN	NaN
673.2297, HexNAc-Hex-NeuGc	87	87	0	0	0.6058917751932587	0.6058917751932587	NaN	NaN
690.2451, HexNAc-Hex3	6582	6582	0	0	45.83884671634515	45.83884671634515	NaN	NaN
731.2717, HexNAc2-Hex2 (diLacNAc)	7566	7566	0	0	52.691691621979245	52.691691621979245	NaN	NaN
819.2877, HexNAc-Hex2-NeuAc	6354	6354	0	0	44.250992408942125	44.250992408942125	NaN	NaN
835.2825, HexNAc-Hex2-NeuGc	13	13	0	0	0.09053555261508461	0.09053555261508461	NaN	NaN
860.3143, HexNAc2-Hex-NeuAc	49	49	0	0	0.34124939062608817	0.34124939062608817	NaN	NaN
876.3091, HexNAc2-Hex-NeuGc	3	3	0	0	0.020892819834250294	0.020892819834250294	NaN	NaN
893.3245, HexNAc2-Hex3	6374	6374	0	0	44.390277874503795	44.390277874503795	NaN	NaN
948.3303, HexNAc-Hex-NeuAc2	486	486	0	0	3.3846368131485476	3.3846368131485476	NaN	NaN
964.3251, HexNAc-Hex-NeuGc2	3	3	0	0	0.020892819834250294	0.020892819834250294	NaN	NaN
1022.3671, HexNAc2-Hex2-NeuAc1	578	578	0	0	4.025349954732223	4.025349954732223	NaN	NaN
1038.3619, HexNAc2-Hex2-NeuGc1	4	4	0	0	0.02785709311233373	0.02785709311233373	NaN	NaN
1313.4625, HexNAc2-Hex2-NeuAc2	10	10	0	0	0.06964273278083431	0.06964273278083431	NaN	NaN
1329.4573, HexNAc2-Hex2-NeuGc2	2	2	0	0	0.013928546556166864	0.013928546556166864	NaN	NaN
\\\\\\\\\\\\\\\\\\\\\\ Fucose \\\\\\\\\\\\\\\\\\\\\	\\\\\\\\\\	\\\\\\\\\\	\\\\\\\\\\	\\\\\\\\\\	\\\\\\\\\\	\\\\\\\\\\	\\\\\\\\\\	\\\\\\\\\\
350.1446, HexNAc-dHex	939	939	0	0	6.539452608120342	6.539452608120342	NaN	NaN
512.1974, HexNAc-Hex-dHex (LeX/A)	5258	5258	0	0	36.61814889616268	36.61814889616268	NaN	NaN
674.2502, HexNAc-Hex2-dHex	309	309	0	0	2.1519604429277805	2.1519604429277805	NaN	NaN
803.2928, HexNAc-Hex-dHex-NeuAc (sLeX/A)	2994	2994	0	0	20.851034194581796	20.851034194581796	NaN	NaN
819.2908, HexNAc-Hex-dHex-NeuGc	6343	6343	0	0	44.17438540288321	44.17438540288321	NaN	NaN
877.3296, HexNAc2-Hex2-dHex (diLacNAc-Fuc)	159	159	0	0	1.1073194512152658	1.1073194512152658	NaN	NaN
