Settings:	ppmTol: , SNthreshold=3, IntensityThreshold=1000, PeakDepthThreshold_HCD=25, PeakDepthThreshold_ETD=50, PeakDepthThreshold_UVPD=25, TICfraction_HCD=0.2, TICfraction_ETD=0.05, TICfraction_UVPD=0.2
version 0.5, Start Time: 20:57:03

	Total	HCD	ETD	UVPD	%Total	%HCD	%ETD	%UVPD
MS/MS Scans	14390	14390	0	0	100	1	0	0
MS/MS Scans with OxoIons	13943	13943	-2147483648	-2147483648	96.89367616400278	96.89367616400278	NaN	NaN
Likely Glyco	12847	12847	0	0	89.27727588603197	89.27727588603197	NaN	NaN
OxoCount_1	126	126	0	0	0.8756080611535788	0.8756080611535788	NaN	NaN
OxoCount_2	79	79	0	0	0.5489923558026407	0.5489923558026407	NaN	NaN
OxoCount_3	68	68	0	0	0.472550382209868	0.472550382209868	NaN	NaN
OxoCount_4	67	67	0	0	0.46560111188325226	0.46560111188325226	NaN	NaN
OxoCount_5+	13603	13603	0	0	94.53092425295344	94.53092425295344	NaN	NaN
\\\\\\\\\\\\\\\\\\\\\\\\\\\\\\\\\\\\\\\\\\\\\\\\\\\	\\\\\\\\\\	\\\\\\\\\\	\\\\\\\\\\	\\\\\\\\\\	\\\\\\\\\\	\\\\\\\\\\	\\\\\\\\\\	\\\\\\\\\\
	Total	HCD	ETD	UVPD	%Total	%HCD	%ETD	%UVPD
\\\\\\\\\\\\\\\\\\\\\\ HexNAc \\\\\\\\\\\\\\\\\\\\\	\\\\\\\\\\	\\\\\\\\\\	\\\\\\\\\\	\\\\\\\\\\	\\\\\\\\\\	\\\\\\\\\\	\\\\\\\\\\	\\\\\\\\\\
84.0444, HexNAc - C2H8O4	0	0	0	0	0	0	NaN	NaN
126.055, HexNAc - C2H6O3	13663	13663	0	0	94.94788047255038	94.94788047255038	NaN	NaN
138.055, HexNAc - CH6O3	13821	13821	0	0	96.04586518415566	96.04586518415566	NaN	NaN
144.0655, HexNAc - C2H4O2	13067	13067	0	0	90.80611535788742	90.80611535788742	NaN	NaN
168.0655, HexNAc - 2H2O	13661	13661	0	0	94.93398193189715	94.93398193189715	NaN	NaN
186.0761, HexNAc - H2O	13474	13474	0	0	93.63446838082001	93.63446838082001	NaN	NaN
204.0867, HexNAc	13759	13759	0	0	95.61501042390549	95.61501042390549	NaN	NaN
\\\\\\\\\\\\\\\\\\\\\\ Hex \\\\\\\\\\\\\\\\\\\\\	\\\\\\\\\\	\\\\\\\\\\	\\\\\\\\\\	\\\\\\\\\\	\\\\\\\\\\	\\\\\\\\\\	\\\\\\\\\\	\\\\\\\\\\
85.0284, Hex - C2H6O3	0	0	0	0	0	0	NaN	NaN
97.0284, Hex - CH6O3	0	0	0	0	0	0	NaN	NaN
127.0390, Hex - 2H2O	10007	10007	0	0	69.54134815844336	69.54134815844336	NaN	NaN
145.0495, Hex - H2O	7388	7388	0	0	51.34120917303683	51.34120917303683	NaN	NaN
163.0601, Hex	6015	6015	0	0	41.79986101459347	41.79986101459347	NaN	NaN
\\\\\\\\\\\\\\\\\\\\\\ Sialic \\\\\\\\\\\\\\\\\\\\\	\\\\\\\\\\	\\\\\\\\\\	\\\\\\\\\\	\\\\\\\\\\	\\\\\\\\\\	\\\\\\\\\\	\\\\\\\\\\	\\\\\\\\\\
274.0921, NeuAc-H2O	13479	13479	0	0	93.66921473245309	93.66921473245309	NaN	NaN
292.1027, NeuAc	13207	13207	0	0	91.77901320361363	91.77901320361363	NaN	NaN
316.103, NeuAc[Ac] - H2O	32	32	0	0	0.22237665045170257	0.22237665045170257	NaN	NaN
334.113, NeuAc[Ac]	14	14	0	0	0.09728978457261987	0.09728978457261987	NaN	NaN
290.0870, NeuGc - H2O	244	244	0	0	1.695621959694232	1.695621959694232	NaN	NaN
308.0976, NeuGc	79	79	0	0	0.5489923558026407	0.5489923558026407	NaN	NaN
332.098, NeuGc[Ac] - H2O	10	10	0	0	0.06949270326615706	0.06949270326615706	NaN	NaN
350.1081, NeuGc[Ac]	3	3	0	0	0.020847810979847115	0.020847810979847115	NaN	NaN
\\\\\\\\\\\\\\\\\\\\\\ M6P \\\\\\\\\\\\\\\\\\\\\	\\\\\\\\\\	\\\\\\\\\\	\\\\\\\\\\	\\\\\\\\\\	\\\\\\\\\\	\\\\\\\\\\	\\\\\\\\\\	\\\\\\\\\\
243.0264, Man-P	81	81	0	0	0.5628908964558721	0.5628908964558721	NaN	NaN
405.0798, Man2-P	36	36	0	0	0.25017373175816543	0.25017373175816543	NaN	NaN
\\\\\\\\\\\\\\\\\\\\\\ Oligo \\\\\\\\\\\\\\\\\\\\\	\\\\\\\\\\	\\\\\\\\\\	\\\\\\\\\\	\\\\\\\\\\	\\\\\\\\\\	\\\\\\\\\\	\\\\\\\\\\	\\\\\\\\\\
325.1129, Hex2	947	947	0	0	6.580958999305072	6.580958999305072	NaN	NaN
366.1395, HexNAc-Hex	13602	13602	0	0	94.52397498262683	94.52397498262683	NaN	NaN
407.1660, HexNAc2	1166	1166	0	0	8.102849200833912	8.102849200833912	NaN	NaN
454.1555, Hex-NeuAc	9609	9609	0	0	66.77553856845032	66.77553856845032	NaN	NaN
470.1503, Hex-NeuGc	35	35	0	0	0.2432244614315497	0.2432244614315497	NaN	NaN
495.1821, HexNAc-NeuAc	2464	2464	0	0	17.123002084781096	17.123002084781096	NaN	NaN
511.1769, HexNAc-NeuGc	358	358	0	0	2.4878387769284225	2.4878387769284225	NaN	NaN
528.1923, HexNAc-Hex2	12134	12134	0	0	84.32244614315498	84.32244614315498	NaN	NaN
537.1927, HexNAc-NeuAc[Ac]	93	93	0	0	0.6462821403752605	0.6462821403752605	NaN	NaN
553.1875, HexNAc-NeuGc[Ac]	8	8	0	0	0.05559416261292564	0.05559416261292564	NaN	NaN
569.2188, HexNAc2-Hex	4490	4490	0	0	31.202223766504517	31.202223766504517	NaN	NaN
657.2349, HexNAc-Hex-NeuAc	13000	13000	0	0	90.34051424600416	90.34051424600416	NaN	NaN
673.2297, HexNAc-Hex-NeuGc	102	102	0	0	0.708825573314802	0.708825573314802	NaN	NaN
690.2451, HexNAc-Hex3	6706	6706	0	0	46.60180681028492	46.60180681028492	NaN	NaN
731.2717, HexNAc2-Hex2 (diLacNAc)	7793	7793	0	0	54.15566365531619	54.15566365531619	NaN	NaN
819.2877, HexNAc-Hex2-NeuAc	6535	6535	0	0	45.41348158443363	45.41348158443363	NaN	NaN
835.2825, HexNAc-Hex2-NeuGc	11	11	0	0	0.07644197359277276	0.07644197359277276	NaN	NaN
860.3143, HexNAc2-Hex-NeuAc	39	39	0	0	0.2710215427380125	0.2710215427380125	NaN	NaN
876.3091, HexNAc2-Hex-NeuGc	8	8	0	0	0.05559416261292564	0.05559416261292564	NaN	NaN
893.3245, HexNAc2-Hex3	6512	6512	0	0	45.253648366921475	45.253648366921475	NaN	NaN
948.3303, HexNAc-Hex-NeuAc2	530	530	0	0	3.683113273106324	3.683113273106324	NaN	NaN
964.3251, HexNAc-Hex-NeuGc2	5	5	0	0	0.03474635163307853	0.03474635163307853	NaN	NaN
1022.3671, HexNAc2-Hex2-NeuAc1	594	594	0	0	4.127866574009729	4.127866574009729	NaN	NaN
1038.3619, HexNAc2-Hex2-NeuGc1	6	6	0	0	0.04169562195969423	0.04169562195969423	NaN	NaN
1313.4625, HexNAc2-Hex2-NeuAc2	15	15	0	0	0.10423905489923557	0.10423905489923557	NaN	NaN
1329.4573, HexNAc2-Hex2-NeuGc2	4	4	0	0	0.02779708130646282	0.02779708130646282	NaN	NaN
\\\\\\\\\\\\\\\\\\\\\\ Fucose \\\\\\\\\\\\\\\\\\\\\	\\\\\\\\\\	\\\\\\\\\\	\\\\\\\\\\	\\\\\\\\\\	\\\\\\\\\\	\\\\\\\\\\	\\\\\\\\\\	\\\\\\\\\\
350.1446, HexNAc-dHex	1063	1063	0	0	7.387074357192495	7.387074357192495	NaN	NaN
512.1974, HexNAc-Hex-dHex (LeX/A)	5540	5540	0	0	38.498957609451004	38.498957609451004	NaN	NaN
674.2502, HexNAc-Hex2-dHex	355	355	0	0	2.4669909659485754	2.4669909659485754	NaN	NaN
803.2928, HexNAc-Hex-dHex-NeuAc (sLeX/A)	3158	3158	0	0	21.945795691452396	21.945795691452396	NaN	NaN
819.2908, HexNAc-Hex-dHex-NeuGc	6522	6522	0	0	45.32314107018763	45.32314107018763	NaN	NaN
877.3296, HexNAc2-Hex2-dHex (diLacNAc-Fuc)	176	176	0	0	1.2230715774843641	1.2230715774843641	NaN	NaN
