Settings:	ppmTol: , SNthreshold=3, IntensityThreshold=1000, PeakDepthThreshold_HCD=25, PeakDepthThreshold_ETD=50, PeakDepthThreshold_UVPD=25, TICfraction_HCD=0.2, TICfraction_ETD=0.05, TICfraction_UVPD=0.2
version 0.5, Start Time: 20:57:03

	Total	HCD	ETD	UVPD	%Total	%HCD	%ETD	%UVPD
MS/MS Scans	16575	16575	0	0	100	1	0	0
MS/MS Scans with OxoIons	15304	15304	-2147483648	-2147483648	92.33182503770739	92.33182503770739	NaN	NaN
Likely Glyco	12032	12032	0	0	72.59125188536953	72.59125188536953	NaN	NaN
OxoCount_1	300	300	0	0	1.809954751131222	1.809954751131222	NaN	NaN
OxoCount_2	259	259	0	0	1.5625942684766212	1.5625942684766212	NaN	NaN
OxoCount_3	263	263	0	0	1.5867269984917043	1.5867269984917043	NaN	NaN
OxoCount_4	440	440	0	0	2.654600301659125	2.654600301659125	NaN	NaN
OxoCount_5+	14042	14042	0	0	84.71794871794872	84.71794871794872	NaN	NaN
\\\\\\\\\\\\\\\\\\\\\\\\\\\\\\\\\\\\\\\\\\\\\\\\\\\	\\\\\\\\\\	\\\\\\\\\\	\\\\\\\\\\	\\\\\\\\\\	\\\\\\\\\\	\\\\\\\\\\	\\\\\\\\\\	\\\\\\\\\\
	Total	HCD	ETD	UVPD	%Total	%HCD	%ETD	%UVPD
\\\\\\\\\\\\\\\\\\\\\\ HexNAc \\\\\\\\\\\\\\\\\\\\\	\\\\\\\\\\	\\\\\\\\\\	\\\\\\\\\\	\\\\\\\\\\	\\\\\\\\\\	\\\\\\\\\\	\\\\\\\\\\	\\\\\\\\\\
84.0444, HexNAc - C2H8O4	0	0	0	0	0	0	NaN	NaN
126.055, HexNAc - C2H6O3	13664	13664	0	0	82.43740573152338	82.43740573152338	NaN	NaN
138.055, HexNAc - CH6O3	15249	15249	0	0	92	92	NaN	NaN
144.0655, HexNAc - C2H4O2	11651	11651	0	0	70.29260935143287	70.29260935143287	NaN	NaN
168.0655, HexNAc - 2H2O	14534	14534	0	0	87.68627450980392	87.68627450980392	NaN	NaN
186.0761, HexNAc - H2O	13401	13401	0	0	80.85067873303167	80.85067873303167	NaN	NaN
204.0867, HexNAc	14914	14914	0	0	89.9788838612368	89.9788838612368	NaN	NaN
\\\\\\\\\\\\\\\\\\\\\\ Hex \\\\\\\\\\\\\\\\\\\\\	\\\\\\\\\\	\\\\\\\\\\	\\\\\\\\\\	\\\\\\\\\\	\\\\\\\\\\	\\\\\\\\\\	\\\\\\\\\\	\\\\\\\\\\
85.0284, Hex - C2H6O3	0	0	0	0	0	0	NaN	NaN
97.0284, Hex - CH6O3	0	0	0	0	0	0	NaN	NaN
127.0390, Hex - 2H2O	8944	8944	0	0	53.96078431372548	53.96078431372548	NaN	NaN
145.0495, Hex - H2O	6482	6482	0	0	39.10708898944193	39.10708898944193	NaN	NaN
163.0601, Hex	5997	5997	0	0	36.18099547511312	36.18099547511312	NaN	NaN
\\\\\\\\\\\\\\\\\\\\\\ Sialic \\\\\\\\\\\\\\\\\\\\\	\\\\\\\\\\	\\\\\\\\\\	\\\\\\\\\\	\\\\\\\\\\	\\\\\\\\\\	\\\\\\\\\\	\\\\\\\\\\	\\\\\\\\\\
274.0921, NeuAc-H2O	13512	13512	0	0	81.52036199095024	81.52036199095024	NaN	NaN
292.1027, NeuAc	12027	12027	0	0	72.56108597285068	72.56108597285068	NaN	NaN
316.103, NeuAc[Ac] - H2O	24	24	0	0	0.14479638009049772	0.14479638009049772	NaN	NaN
334.113, NeuAc[Ac]	7	7	0	0	0.04223227752639517	0.04223227752639517	NaN	NaN
290.0870, NeuGc - H2O	347	347	0	0	2.0935143288084466	2.0935143288084466	NaN	NaN
308.0976, NeuGc	50	50	0	0	0.301659125188537	0.301659125188537	NaN	NaN
332.098, NeuGc[Ac] - H2O	32	32	0	0	0.19306184012066366	0.19306184012066366	NaN	NaN
350.1081, NeuGc[Ac]	9	9	0	0	0.05429864253393665	0.05429864253393665	NaN	NaN
\\\\\\\\\\\\\\\\\\\\\\ M6P \\\\\\\\\\\\\\\\\\\\\	\\\\\\\\\\	\\\\\\\\\\	\\\\\\\\\\	\\\\\\\\\\	\\\\\\\\\\	\\\\\\\\\\	\\\\\\\\\\	\\\\\\\\\\
243.0264, Man-P	53	53	0	0	0.3197586726998492	0.3197586726998492	NaN	NaN
405.0798, Man2-P	12	12	0	0	0.07239819004524886	0.07239819004524886	NaN	NaN
\\\\\\\\\\\\\\\\\\\\\\ Oligo \\\\\\\\\\\\\\\\\\\\\	\\\\\\\\\\	\\\\\\\\\\	\\\\\\\\\\	\\\\\\\\\\	\\\\\\\\\\	\\\\\\\\\\	\\\\\\\\\\	\\\\\\\\\\
325.1129, Hex2	630	630	0	0	3.8009049773755654	3.8009049773755654	NaN	NaN
366.1395, HexNAc-Hex	14308	14308	0	0	86.32277526395174	86.32277526395174	NaN	NaN
407.1660, HexNAc2	481	481	0	0	2.9019607843137254	2.9019607843137254	NaN	NaN
454.1555, Hex-NeuAc	6557	6557	0	0	39.55957767722474	39.55957767722474	NaN	NaN
470.1503, Hex-NeuGc	8	8	0	0	0.048265460030165915	0.048265460030165915	NaN	NaN
495.1821, HexNAc-NeuAc	1121	1121	0	0	6.763197586726999	6.763197586726999	NaN	NaN
511.1769, HexNAc-NeuGc	2	2	0	0	0.012066365007541479	0.012066365007541479	NaN	NaN
528.1923, HexNAc-Hex2	9928	9928	0	0	59.897435897435905	59.897435897435905	NaN	NaN
537.1927, HexNAc-NeuAc[Ac]	8	8	0	0	0.048265460030165915	0.048265460030165915	NaN	NaN
553.1875, HexNAc-NeuGc[Ac]	2	2	0	0	0.012066365007541479	0.012066365007541479	NaN	NaN
569.2188, HexNAc2-Hex	2242	2242	0	0	13.526395173453999	13.526395173453999	NaN	NaN
657.2349, HexNAc-Hex-NeuAc	11422	11422	0	0	68.91101055806939	68.91101055806939	NaN	NaN
673.2297, HexNAc-Hex-NeuGc	69	69	0	0	0.416289592760181	0.416289592760181	NaN	NaN
690.2451, HexNAc-Hex3	5295	5295	0	0	31.94570135746606	31.94570135746606	NaN	NaN
731.2717, HexNAc2-Hex2 (diLacNAc)	4466	4466	0	0	26.94419306184012	26.94419306184012	NaN	NaN
819.2877, HexNAc-Hex2-NeuAc	3224	3224	0	0	19.450980392156865	19.450980392156865	NaN	NaN
835.2825, HexNAc-Hex2-NeuGc	2	2	0	0	0.012066365007541479	0.012066365007541479	NaN	NaN
860.3143, HexNAc2-Hex-NeuAc	16	16	0	0	0.09653092006033183	0.09653092006033183	NaN	NaN
876.3091, HexNAc2-Hex-NeuGc	0	0	0	0	0	0	NaN	NaN
893.3245, HexNAc2-Hex3	4369	4369	0	0	26.358974358974358	26.358974358974358	NaN	NaN
948.3303, HexNAc-Hex-NeuAc2	177	177	0	0	1.0678733031674208	1.0678733031674208	NaN	NaN
964.3251, HexNAc-Hex-NeuGc2	3	3	0	0	0.018099547511312215	0.018099547511312215	NaN	NaN
1022.3671, HexNAc2-Hex2-NeuAc1	170	170	0	0	1.0256410256410255	1.0256410256410255	NaN	NaN
1038.3619, HexNAc2-Hex2-NeuGc1	5	5	0	0	0.030165912518853696	0.030165912518853696	NaN	NaN
1313.4625, HexNAc2-Hex2-NeuAc2	0	0	0	0	0	0	NaN	NaN
1329.4573, HexNAc2-Hex2-NeuGc2	0	0	0	0	0	0	NaN	NaN
\\\\\\\\\\\\\\\\\\\\\\ Fucose \\\\\\\\\\\\\\\\\\\\\	\\\\\\\\\\	\\\\\\\\\\	\\\\\\\\\\	\\\\\\\\\\	\\\\\\\\\\	\\\\\\\\\\	\\\\\\\\\\	\\\\\\\\\\
350.1446, HexNAc-dHex	389	389	0	0	2.346907993966817	2.346907993966817	NaN	NaN
512.1974, HexNAc-Hex-dHex (LeX/A)	2048	2048	0	0	12.355957767722474	12.355957767722474	NaN	NaN
674.2502, HexNAc-Hex2-dHex	139	139	0	0	0.8386123680241327	0.8386123680241327	NaN	NaN
803.2928, HexNAc-Hex-dHex-NeuAc (sLeX/A)	614	614	0	0	3.7043740573152335	3.7043740573152335	NaN	NaN
819.2908, HexNAc-Hex-dHex-NeuGc	3221	3221	0	0	19.43288084464555	19.43288084464555	NaN	NaN
877.3296, HexNAc2-Hex2-dHex (diLacNAc-Fuc)	101	101	0	0	0.6093514328808446	0.6093514328808446	NaN	NaN
