Settings:	ppmTol: , SNthreshold=3, IntensityThreshold=1000, PeakDepthThreshold_HCD=25, PeakDepthThreshold_ETD=50, PeakDepthThreshold_UVPD=25, TICfraction_HCD=0.2, TICfraction_ETD=0.05, TICfraction_UVPD=0.2
version 0.5, Start Time: 20:57:03

	Total	HCD	ETD	UVPD	%Total	%HCD	%ETD	%UVPD
MS/MS Scans	18865	18865	0	0	100	1	0	0
MS/MS Scans with OxoIons	17270	17270	-2147483648	-2147483648	91.54518950437318	91.54518950437318	NaN	NaN
Likely Glyco	12653	12653	0	0	67.07129605088788	67.07129605088788	NaN	NaN
OxoCount_1	352	352	0	0	1.8658892128279883	1.8658892128279883	NaN	NaN
OxoCount_2	499	499	0	0	2.6451099920487673	2.6451099920487673	NaN	NaN
OxoCount_3	479	479	0	0	2.5390935595017226	2.5390935595017226	NaN	NaN
OxoCount_4	646	646	0	0	3.4243307712695468	3.4243307712695468	NaN	NaN
OxoCount_5+	15294	15294	0	0	81.07076596872515	81.07076596872515	NaN	NaN
\\\\\\\\\\\\\\\\\\\\\\\\\\\\\\\\\\\\\\\\\\\\\\\\\\\	\\\\\\\\\\	\\\\\\\\\\	\\\\\\\\\\	\\\\\\\\\\	\\\\\\\\\\	\\\\\\\\\\	\\\\\\\\\\	\\\\\\\\\\
	Total	HCD	ETD	UVPD	%Total	%HCD	%ETD	%UVPD
\\\\\\\\\\\\\\\\\\\\\\ HexNAc \\\\\\\\\\\\\\\\\\\\\	\\\\\\\\\\	\\\\\\\\\\	\\\\\\\\\\	\\\\\\\\\\	\\\\\\\\\\	\\\\\\\\\\	\\\\\\\\\\	\\\\\\\\\\
84.0444, HexNAc - C2H8O4	0	0	0	0	0	0	NaN	NaN
126.055, HexNAc - C2H6O3	14611	14611	0	0	77.45030479724358	77.45030479724358	NaN	NaN
138.055, HexNAc - CH6O3	17176	17176	0	0	91.04691227140206	91.04691227140206	NaN	NaN
144.0655, HexNAc - C2H4O2	12132	12132	0	0	64.30956798303737	64.30956798303737	NaN	NaN
168.0655, HexNAc - 2H2O	16044	16044	0	0	85.04638218923934	85.04638218923934	NaN	NaN
186.0761, HexNAc - H2O	14238	14238	0	0	75.47309833024119	75.47309833024119	NaN	NaN
204.0867, HexNAc	16788	16788	0	0	88.9901934799894	88.9901934799894	NaN	NaN
\\\\\\\\\\\\\\\\\\\\\\ Hex \\\\\\\\\\\\\\\\\\\\\	\\\\\\\\\\	\\\\\\\\\\	\\\\\\\\\\	\\\\\\\\\\	\\\\\\\\\\	\\\\\\\\\\	\\\\\\\\\\	\\\\\\\\\\
85.0284, Hex - C2H6O3	0	0	0	0	0	0	NaN	NaN
97.0284, Hex - CH6O3	0	0	0	0	0	0	NaN	NaN
127.0390, Hex - 2H2O	9182	9182	0	0	48.67214418234826	48.67214418234826	NaN	NaN
145.0495, Hex - H2O	7115	7115	0	0	37.71534587861118	37.71534587861118	NaN	NaN
163.0601, Hex	6614	6614	0	0	35.05963424330771	35.05963424330771	NaN	NaN
\\\\\\\\\\\\\\\\\\\\\\ Sialic \\\\\\\\\\\\\\\\\\\\\	\\\\\\\\\\	\\\\\\\\\\	\\\\\\\\\\	\\\\\\\\\\	\\\\\\\\\\	\\\\\\\\\\	\\\\\\\\\\	\\\\\\\\\\
274.0921, NeuAc-H2O	14920	14920	0	0	79.08825868009541	79.08825868009541	NaN	NaN
292.1027, NeuAc	12784	12784	0	0	67.76570368407103	67.76570368407103	NaN	NaN
316.103, NeuAc[Ac] - H2O	25	25	0	0	0.13252054068380598	0.13252054068380598	NaN	NaN
334.113, NeuAc[Ac]	3	3	0	0	0.01590246488205672	0.01590246488205672	NaN	NaN
290.0870, NeuGc - H2O	320	320	0	0	1.6962629207527165	1.6962629207527165	NaN	NaN
308.0976, NeuGc	57	57	0	0	0.3021468327590776	0.3021468327590776	NaN	NaN
332.098, NeuGc[Ac] - H2O	25	25	0	0	0.13252054068380598	0.13252054068380598	NaN	NaN
350.1081, NeuGc[Ac]	12	12	0	0	0.06360985952822688	0.06360985952822688	NaN	NaN
\\\\\\\\\\\\\\\\\\\\\\ M6P \\\\\\\\\\\\\\\\\\\\\	\\\\\\\\\\	\\\\\\\\\\	\\\\\\\\\\	\\\\\\\\\\	\\\\\\\\\\	\\\\\\\\\\	\\\\\\\\\\	\\\\\\\\\\
243.0264, Man-P	76	76	0	0	0.4028624436787702	0.4028624436787702	NaN	NaN
405.0798, Man2-P	17	17	0	0	0.09011396766498807	0.09011396766498807	NaN	NaN
\\\\\\\\\\\\\\\\\\\\\\ Oligo \\\\\\\\\\\\\\\\\\\\\	\\\\\\\\\\	\\\\\\\\\\	\\\\\\\\\\	\\\\\\\\\\	\\\\\\\\\\	\\\\\\\\\\	\\\\\\\\\\	\\\\\\\\\\
325.1129, Hex2	720	720	0	0	3.8165915716936123	3.8165915716936123	NaN	NaN
366.1395, HexNAc-Hex	15789	15789	0	0	83.69467267426451	83.69467267426451	NaN	NaN
407.1660, HexNAc2	629	629	0	0	3.334216803604559	3.334216803604559	NaN	NaN
454.1555, Hex-NeuAc	7121	7121	0	0	37.747150808375295	37.747150808375295	NaN	NaN
470.1503, Hex-NeuGc	14	14	0	0	0.07421150278293136	0.07421150278293136	NaN	NaN
495.1821, HexNAc-NeuAc	1441	1441	0	0	7.638483965014577	7.638483965014577	NaN	NaN
511.1769, HexNAc-NeuGc	1	1	0	0	0.005300821627352239	0.005300821627352239	NaN	NaN
528.1923, HexNAc-Hex2	10250	10250	0	0	54.33342168036046	54.33342168036046	NaN	NaN
537.1927, HexNAc-NeuAc[Ac]	2	2	0	0	0.010601643254704479	0.010601643254704479	NaN	NaN
553.1875, HexNAc-NeuGc[Ac]	1	1	0	0	0.005300821627352239	0.005300821627352239	NaN	NaN
569.2188, HexNAc2-Hex	2695	2695	0	0	14.285714285714285	14.285714285714285	NaN	NaN
657.2349, HexNAc-Hex-NeuAc	12065	12065	0	0	63.954412934004765	63.954412934004765	NaN	NaN
673.2297, HexNAc-Hex-NeuGc	74	74	0	0	0.39226080042406575	0.39226080042406575	NaN	NaN
690.2451, HexNAc-Hex3	5856	5856	0	0	31.041611449774713	31.041611449774713	NaN	NaN
731.2717, HexNAc2-Hex2 (diLacNAc)	5094	5094	0	0	27.002385369732306	27.002385369732306	NaN	NaN
819.2877, HexNAc-Hex2-NeuAc	3773	3773	0	0	20	20	NaN	NaN
835.2825, HexNAc-Hex2-NeuGc	1	1	0	0	0.005300821627352239	0.005300821627352239	NaN	NaN
860.3143, HexNAc2-Hex-NeuAc	10	10	0	0	0.05300821627352239	0.05300821627352239	NaN	NaN
876.3091, HexNAc2-Hex-NeuGc	1	1	0	0	0.005300821627352239	0.005300821627352239	NaN	NaN
893.3245, HexNAc2-Hex3	4826	4826	0	0	25.581765173601905	25.581765173601905	NaN	NaN
948.3303, HexNAc-Hex-NeuAc2	222	222	0	0	1.1767824012721972	1.1767824012721972	NaN	NaN
964.3251, HexNAc-Hex-NeuGc2	7	7	0	0	0.03710575139146568	0.03710575139146568	NaN	NaN
1022.3671, HexNAc2-Hex2-NeuAc1	185	185	0	0	0.9806520010601644	0.9806520010601644	NaN	NaN
1038.3619, HexNAc2-Hex2-NeuGc1	0	0	0	0	0	0	NaN	NaN
1313.4625, HexNAc2-Hex2-NeuAc2	3	3	0	0	0.01590246488205672	0.01590246488205672	NaN	NaN
1329.4573, HexNAc2-Hex2-NeuGc2	1	1	0	0	0.005300821627352239	0.005300821627352239	NaN	NaN
\\\\\\\\\\\\\\\\\\\\\\ Fucose \\\\\\\\\\\\\\\\\\\\\	\\\\\\\\\\	\\\\\\\\\\	\\\\\\\\\\	\\\\\\\\\\	\\\\\\\\\\	\\\\\\\\\\	\\\\\\\\\\	\\\\\\\\\\
350.1446, HexNAc-dHex	480	480	0	0	2.544394381129075	2.544394381129075	NaN	NaN
512.1974, HexNAc-Hex-dHex (LeX/A)	2287	2287	0	0	12.122979061754572	12.122979061754572	NaN	NaN
674.2502, HexNAc-Hex2-dHex	144	144	0	0	0.7633183143387224	0.7633183143387224	NaN	NaN
803.2928, HexNAc-Hex-dHex-NeuAc (sLeX/A)	719	719	0	0	3.8112907500662603	3.8112907500662603	NaN	NaN
819.2908, HexNAc-Hex-dHex-NeuGc	3772	3772	0	0	19.99469917837265	19.99469917837265	NaN	NaN
877.3296, HexNAc2-Hex2-dHex (diLacNAc-Fuc)	90	90	0	0	0.47707394646170154	0.47707394646170154	NaN	NaN
