Settings:	ppmTol: , SNthreshold=3, IntensityThreshold=1000, PeakDepthThreshold_HCD=25, PeakDepthThreshold_ETD=50, PeakDepthThreshold_UVPD=25, TICfraction_HCD=0.2, TICfraction_ETD=0.05, TICfraction_UVPD=0.2
version 0.5, Start Time: 20:57:03

	Total	HCD	ETD	UVPD	%Total	%HCD	%ETD	%UVPD
MS/MS Scans	18227	18227	0	0	100	1	0	0
MS/MS Scans with OxoIons	16664	16664	-2147483648	-2147483648	91.42480934876832	91.42480934876832	NaN	NaN
Likely Glyco	12091	12091	0	0	66.33565589510067	66.33565589510067	NaN	NaN
OxoCount_1	352	352	0	0	1.931200965600483	1.931200965600483	NaN	NaN
OxoCount_2	469	469	0	0	2.5731058320074616	2.5731058320074616	NaN	NaN
OxoCount_3	511	511	0	0	2.803533219948428	2.803533219948428	NaN	NaN
OxoCount_4	573	573	0	0	3.1436879354803313	3.1436879354803313	NaN	NaN
OxoCount_5+	14759	14759	0	0	80.97328139573162	80.97328139573162	NaN	NaN
\\\\\\\\\\\\\\\\\\\\\\\\\\\\\\\\\\\\\\\\\\\\\\\\\\\	\\\\\\\\\\	\\\\\\\\\\	\\\\\\\\\\	\\\\\\\\\\	\\\\\\\\\\	\\\\\\\\\\	\\\\\\\\\\	\\\\\\\\\\
	Total	HCD	ETD	UVPD	%Total	%HCD	%ETD	%UVPD
\\\\\\\\\\\\\\\\\\\\\\ HexNAc \\\\\\\\\\\\\\\\\\\\\	\\\\\\\\\\	\\\\\\\\\\	\\\\\\\\\\	\\\\\\\\\\	\\\\\\\\\\	\\\\\\\\\\	\\\\\\\\\\	\\\\\\\\\\
84.0444, HexNAc - C2H8O4	0	0	0	0	0	0	NaN	NaN
126.055, HexNAc - C2H6O3	14163	14163	0	0	77.7034070335217	77.7034070335217	NaN	NaN
138.055, HexNAc - CH6O3	16560	16560	0	0	90.85422724529543	90.85422724529543	NaN	NaN
144.0655, HexNAc - C2H4O2	11467	11467	0	0	62.912163274263456	62.912163274263456	NaN	NaN
168.0655, HexNAc - 2H2O	15448	15448	0	0	84.75338783123937	84.75338783123937	NaN	NaN
186.0761, HexNAc - H2O	13757	13757	0	0	75.4759422834257	75.4759422834257	NaN	NaN
204.0867, HexNAc	16181	16181	0	0	88.77489438744719	88.77489438744719	NaN	NaN
\\\\\\\\\\\\\\\\\\\\\\ Hex \\\\\\\\\\\\\\\\\\\\\	\\\\\\\\\\	\\\\\\\\\\	\\\\\\\\\\	\\\\\\\\\\	\\\\\\\\\\	\\\\\\\\\\	\\\\\\\\\\	\\\\\\\\\\
85.0284, Hex - C2H6O3	0	0	0	0	0	0	NaN	NaN
97.0284, Hex - CH6O3	0	0	0	0	0	0	NaN	NaN
127.0390, Hex - 2H2O	8609	8609	0	0	47.23212816151863	47.23212816151863	NaN	NaN
145.0495, Hex - H2O	6455	6455	0	0	35.41449497997476	35.41449497997476	NaN	NaN
163.0601, Hex	5970	5970	0	0	32.75360728589455	32.75360728589455	NaN	NaN
\\\\\\\\\\\\\\\\\\\\\\ Sialic \\\\\\\\\\\\\\\\\\\\\	\\\\\\\\\\	\\\\\\\\\\	\\\\\\\\\\	\\\\\\\\\\	\\\\\\\\\\	\\\\\\\\\\	\\\\\\\\\\	\\\\\\\\\\
274.0921, NeuAc-H2O	14280	14280	0	0	78.34531189992869	78.34531189992869	NaN	NaN
292.1027, NeuAc	12109	12109	0	0	66.43441048993252	66.43441048993252	NaN	NaN
316.103, NeuAc[Ac] - H2O	26	26	0	0	0.14264552586821747	0.14264552586821747	NaN	NaN
334.113, NeuAc[Ac]	8	8	0	0	0.043890931036374606	0.043890931036374606	NaN	NaN
290.0870, NeuGc - H2O	300	300	0	0	1.6459099138640478	1.6459099138640478	NaN	NaN
308.0976, NeuGc	45	45	0	0	0.2468864870796072	0.2468864870796072	NaN	NaN
332.098, NeuGc[Ac] - H2O	73	73	0	0	0.4005047457069183	0.4005047457069183	NaN	NaN
350.1081, NeuGc[Ac]	10	10	0	0	0.05486366379546826	0.05486366379546826	NaN	NaN
\\\\\\\\\\\\\\\\\\\\\\ M6P \\\\\\\\\\\\\\\\\\\\\	\\\\\\\\\\	\\\\\\\\\\	\\\\\\\\\\	\\\\\\\\\\	\\\\\\\\\\	\\\\\\\\\\	\\\\\\\\\\	\\\\\\\\\\
243.0264, Man-P	81	81	0	0	0.44439567674329294	0.44439567674329294	NaN	NaN
405.0798, Man2-P	20	20	0	0	0.10972732759093652	0.10972732759093652	NaN	NaN
\\\\\\\\\\\\\\\\\\\\\\ Oligo \\\\\\\\\\\\\\\\\\\\\	\\\\\\\\\\	\\\\\\\\\\	\\\\\\\\\\	\\\\\\\\\\	\\\\\\\\\\	\\\\\\\\\\	\\\\\\\\\\	\\\\\\\\\\
325.1129, Hex2	658	658	0	0	3.6100290777418116	3.6100290777418116	NaN	NaN
366.1395, HexNAc-Hex	15222	15222	0	0	83.51346902946179	83.51346902946179	NaN	NaN
407.1660, HexNAc2	633	633	0	0	3.472869918253141	3.472869918253141	NaN	NaN
454.1555, Hex-NeuAc	6954	6954	0	0	38.15219180336863	38.15219180336863	NaN	NaN
470.1503, Hex-NeuGc	10	10	0	0	0.05486366379546826	0.05486366379546826	NaN	NaN
495.1821, HexNAc-NeuAc	1475	1475	0	0	8.092390409831568	8.092390409831568	NaN	NaN
511.1769, HexNAc-NeuGc	1	1	0	0	0.005486366379546826	0.005486366379546826	NaN	NaN
528.1923, HexNAc-Hex2	9689	9689	0	0	53.157403851429194	53.157403851429194	NaN	NaN
537.1927, HexNAc-NeuAc[Ac]	5	5	0	0	0.02743183189773413	0.02743183189773413	NaN	NaN
553.1875, HexNAc-NeuGc[Ac]	2	2	0	0	0.010972732759093651	0.010972732759093651	NaN	NaN
569.2188, HexNAc2-Hex	2699	2699	0	0	14.807702858396885	14.807702858396885	NaN	NaN
657.2349, HexNAc-Hex-NeuAc	11482	11482	0	0	62.994458769956665	62.994458769956665	NaN	NaN
673.2297, HexNAc-Hex-NeuGc	62	62	0	0	0.34015471553190324	0.34015471553190324	NaN	NaN
690.2451, HexNAc-Hex3	5543	5543	0	0	30.410928841828056	30.410928841828056	NaN	NaN
731.2717, HexNAc2-Hex2 (diLacNAc)	4945	4945	0	0	27.13008174685905	27.13008174685905	NaN	NaN
819.2877, HexNAc-Hex2-NeuAc	3776	3776	0	0	20.716519449168818	20.716519449168818	NaN	NaN
835.2825, HexNAc-Hex2-NeuGc	2	2	0	0	0.010972732759093651	0.010972732759093651	NaN	NaN
860.3143, HexNAc2-Hex-NeuAc	8	8	0	0	0.043890931036374606	0.043890931036374606	NaN	NaN
876.3091, HexNAc2-Hex-NeuGc	0	0	0	0	0	0	NaN	NaN
893.3245, HexNAc2-Hex3	4797	4797	0	0	26.318099522686122	26.318099522686122	NaN	NaN
948.3303, HexNAc-Hex-NeuAc2	233	233	0	0	1.2783233664344105	1.2783233664344105	NaN	NaN
964.3251, HexNAc-Hex-NeuGc2	4	4	0	0	0.021945465518187303	0.021945465518187303	NaN	NaN
1022.3671, HexNAc2-Hex2-NeuAc1	211	211	0	0	1.1576233060843804	1.1576233060843804	NaN	NaN
1038.3619, HexNAc2-Hex2-NeuGc1	1	1	0	0	0.005486366379546826	0.005486366379546826	NaN	NaN
1313.4625, HexNAc2-Hex2-NeuAc2	3	3	0	0	0.01645909913864048	0.01645909913864048	NaN	NaN
1329.4573, HexNAc2-Hex2-NeuGc2	1	1	0	0	0.005486366379546826	0.005486366379546826	NaN	NaN
\\\\\\\\\\\\\\\\\\\\\\ Fucose \\\\\\\\\\\\\\\\\\\\\	\\\\\\\\\\	\\\\\\\\\\	\\\\\\\\\\	\\\\\\\\\\	\\\\\\\\\\	\\\\\\\\\\	\\\\\\\\\\	\\\\\\\\\\
350.1446, HexNAc-dHex	444	444	0	0	2.435946672518791	2.435946672518791	NaN	NaN
512.1974, HexNAc-Hex-dHex (LeX/A)	2234	2234	0	0	12.25654249190761	12.25654249190761	NaN	NaN
674.2502, HexNAc-Hex2-dHex	155	155	0	0	0.8503867888297582	0.8503867888297582	NaN	NaN
803.2928, HexNAc-Hex-dHex-NeuAc (sLeX/A)	658	658	0	0	3.6100290777418116	3.6100290777418116	NaN	NaN
819.2908, HexNAc-Hex-dHex-NeuGc	3773	3773	0	0	20.700060350030174	20.700060350030174	NaN	NaN
877.3296, HexNAc2-Hex2-dHex (diLacNAc-Fuc)	94	94	0	0	0.5157184396774017	0.5157184396774017	NaN	NaN
