Settings:	ppmTol: , SNthreshold=3, IntensityThreshold=1000, PeakDepthThreshold_HCD=25, PeakDepthThreshold_ETD=50, PeakDepthThreshold_UVPD=25, TICfraction_HCD=0.2, TICfraction_ETD=0.05, TICfraction_UVPD=0.2
version 0.5, Start Time: 20:57:03

	Total	HCD	ETD	UVPD	%Total	%HCD	%ETD	%UVPD
MS/MS Scans	14385	14385	0	0	100	1	0	0
MS/MS Scans with OxoIons	14174	14174	-2147483648	-2147483648	98.53319429961765	98.53319429961765	NaN	NaN
Likely Glyco	13160	13160	0	0	91.48418491484185	91.48418491484185	NaN	NaN
OxoCount_1	37	37	0	0	0.25721237400069513	0.25721237400069513	NaN	NaN
OxoCount_2	20	20	0	0	0.13903371567605144	0.13903371567605144	NaN	NaN
OxoCount_3	25	25	0	0	0.1737921445950643	0.1737921445950643	NaN	NaN
OxoCount_4	32	32	0	0	0.22245394508168229	0.22245394508168229	NaN	NaN
OxoCount_5+	14060	14060	0	0	97.74070212026416	97.74070212026416	NaN	NaN
\\\\\\\\\\\\\\\\\\\\\\\\\\\\\\\\\\\\\\\\\\\\\\\\\\\	\\\\\\\\\\	\\\\\\\\\\	\\\\\\\\\\	\\\\\\\\\\	\\\\\\\\\\	\\\\\\\\\\	\\\\\\\\\\	\\\\\\\\\\
	Total	HCD	ETD	UVPD	%Total	%HCD	%ETD	%UVPD
\\\\\\\\\\\\\\\\\\\\\\ HexNAc \\\\\\\\\\\\\\\\\\\\\	\\\\\\\\\\	\\\\\\\\\\	\\\\\\\\\\	\\\\\\\\\\	\\\\\\\\\\	\\\\\\\\\\	\\\\\\\\\\	\\\\\\\\\\
84.0444, HexNAc - C2H8O4	0	0	0	0	0	0	NaN	NaN
126.055, HexNAc - C2H6O3	14089	14089	0	0	97.94230100799443	97.94230100799443	NaN	NaN
138.055, HexNAc - CH6O3	14146	14146	0	0	98.33854709767118	98.33854709767118	NaN	NaN
144.0655, HexNAc - C2H4O2	13749	13749	0	0	95.57872784150156	95.57872784150156	NaN	NaN
168.0655, HexNAc - 2H2O	14078	14078	0	0	97.86583246437262	97.86583246437262	NaN	NaN
186.0761, HexNAc - H2O	14009	14009	0	0	97.38616614529023	97.38616614529023	NaN	NaN
204.0867, HexNAc	14120	14120	0	0	98.15780326729232	98.15780326729232	NaN	NaN
\\\\\\\\\\\\\\\\\\\\\\ Hex \\\\\\\\\\\\\\\\\\\\\	\\\\\\\\\\	\\\\\\\\\\	\\\\\\\\\\	\\\\\\\\\\	\\\\\\\\\\	\\\\\\\\\\	\\\\\\\\\\	\\\\\\\\\\
85.0284, Hex - C2H6O3	0	0	0	0	0	0	NaN	NaN
97.0284, Hex - CH6O3	0	0	0	0	0	0	NaN	NaN
127.0390, Hex - 2H2O	11817	11817	0	0	82.14807090719499	82.14807090719499	NaN	NaN
145.0495, Hex - H2O	9828	9828	0	0	68.32116788321167	68.32116788321167	NaN	NaN
163.0601, Hex	8513	8513	0	0	59.1797010775113	59.1797010775113	NaN	NaN
\\\\\\\\\\\\\\\\\\\\\\ Sialic \\\\\\\\\\\\\\\\\\\\\	\\\\\\\\\\	\\\\\\\\\\	\\\\\\\\\\	\\\\\\\\\\	\\\\\\\\\\	\\\\\\\\\\	\\\\\\\\\\	\\\\\\\\\\
274.0921, NeuAc-H2O	13947	13947	0	0	96.95516162669448	96.95516162669448	NaN	NaN
292.1027, NeuAc	13658	13658	0	0	94.94612443517553	94.94612443517553	NaN	NaN
316.103, NeuAc[Ac] - H2O	33	33	0	0	0.22940563086548488	0.22940563086548488	NaN	NaN
334.113, NeuAc[Ac]	13	13	0	0	0.09037191518943344	0.09037191518943344	NaN	NaN
290.0870, NeuGc - H2O	252	252	0	0	1.7518248175182483	1.7518248175182483	NaN	NaN
308.0976, NeuGc	102	102	0	0	0.7090719499478624	0.7090719499478624	NaN	NaN
332.098, NeuGc[Ac] - H2O	23	23	0	0	0.15988877302745916	0.15988877302745916	NaN	NaN
350.1081, NeuGc[Ac]	3	3	0	0	0.020855057351407715	0.020855057351407715	NaN	NaN
\\\\\\\\\\\\\\\\\\\\\\ M6P \\\\\\\\\\\\\\\\\\\\\	\\\\\\\\\\	\\\\\\\\\\	\\\\\\\\\\	\\\\\\\\\\	\\\\\\\\\\	\\\\\\\\\\	\\\\\\\\\\	\\\\\\\\\\
243.0264, Man-P	97	97	0	0	0.6743135210288494	0.6743135210288494	NaN	NaN
405.0798, Man2-P	29	29	0	0	0.2015988877302746	0.2015988877302746	NaN	NaN
\\\\\\\\\\\\\\\\\\\\\\ Oligo \\\\\\\\\\\\\\\\\\\\\	\\\\\\\\\\	\\\\\\\\\\	\\\\\\\\\\	\\\\\\\\\\	\\\\\\\\\\	\\\\\\\\\\	\\\\\\\\\\	\\\\\\\\\\
325.1129, Hex2	1172	1172	0	0	8.147375738616615	8.147375738616615	NaN	NaN
366.1395, HexNAc-Hex	14037	14037	0	0	97.5808133472367	97.5808133472367	NaN	NaN
407.1660, HexNAc2	1623	1623	0	0	11.282586027111574	11.282586027111574	NaN	NaN
454.1555, Hex-NeuAc	10011	10011	0	0	69.59332638164754	69.59332638164754	NaN	NaN
470.1503, Hex-NeuGc	44	44	0	0	0.3058741744873132	0.3058741744873132	NaN	NaN
495.1821, HexNAc-NeuAc	3507	3507	0	0	24.379562043795623	24.379562043795623	NaN	NaN
511.1769, HexNAc-NeuGc	195	195	0	0	1.3555787278415017	1.3555787278415017	NaN	NaN
528.1923, HexNAc-Hex2	12601	12601	0	0	87.59819256169621	87.59819256169621	NaN	NaN
537.1927, HexNAc-NeuAc[Ac]	38	38	0	0	0.26416405978449775	0.26416405978449775	NaN	NaN
553.1875, HexNAc-NeuGc[Ac]	8	8	0	0	0.05561348627042057	0.05561348627042057	NaN	NaN
569.2188, HexNAc2-Hex	4246	4246	0	0	29.51685783802572	29.51685783802572	NaN	NaN
657.2349, HexNAc-Hex-NeuAc	13287	13287	0	0	92.36704900938477	92.36704900938477	NaN	NaN
673.2297, HexNAc-Hex-NeuGc	100	100	0	0	0.6951685783802573	0.6951685783802573	NaN	NaN
690.2451, HexNAc-Hex3	8389	8389	0	0	58.31769204031978	58.31769204031978	NaN	NaN
731.2717, HexNAc2-Hex2 (diLacNAc)	7716	7716	0	0	53.63920750782065	53.63920750782065	NaN	NaN
819.2877, HexNAc-Hex2-NeuAc	6777	6777	0	0	47.111574556830035	47.111574556830035	NaN	NaN
835.2825, HexNAc-Hex2-NeuGc	22	22	0	0	0.1529370872436566	0.1529370872436566	NaN	NaN
860.3143, HexNAc2-Hex-NeuAc	26	26	0	0	0.18074383037886688	0.18074383037886688	NaN	NaN
876.3091, HexNAc2-Hex-NeuGc	9	9	0	0	0.06256517205422316	0.06256517205422316	NaN	NaN
893.3245, HexNAc2-Hex3	7360	7360	0	0	51.16440736878693	51.16440736878693	NaN	NaN
948.3303, HexNAc-Hex-NeuAc2	614	614	0	0	4.268335071254779	4.268335071254779	NaN	NaN
964.3251, HexNAc-Hex-NeuGc2	6	6	0	0	0.04171011470281543	0.04171011470281543	NaN	NaN
1022.3671, HexNAc2-Hex2-NeuAc1	434	434	0	0	3.017031630170316	3.017031630170316	NaN	NaN
1038.3619, HexNAc2-Hex2-NeuGc1	19	19	0	0	0.13208202989224888	0.13208202989224888	NaN	NaN
1313.4625, HexNAc2-Hex2-NeuAc2	6	6	0	0	0.04171011470281543	0.04171011470281543	NaN	NaN
1329.4573, HexNAc2-Hex2-NeuGc2	5	5	0	0	0.03475842891901286	0.03475842891901286	NaN	NaN
\\\\\\\\\\\\\\\\\\\\\\ Fucose \\\\\\\\\\\\\\\\\\\\\	\\\\\\\\\\	\\\\\\\\\\	\\\\\\\\\\	\\\\\\\\\\	\\\\\\\\\\	\\\\\\\\\\	\\\\\\\\\\	\\\\\\\\\\
350.1446, HexNAc-dHex	1182	1182	0	0	8.21689259645464	8.21689259645464	NaN	NaN
512.1974, HexNAc-Hex-dHex (LeX/A)	4856	4856	0	0	33.757386166145295	33.757386166145295	NaN	NaN
674.2502, HexNAc-Hex2-dHex	297	297	0	0	2.064650677789364	2.064650677789364	NaN	NaN
803.2928, HexNAc-Hex-dHex-NeuAc (sLeX/A)	2217	2217	0	0	15.411887382690303	15.411887382690303	NaN	NaN
819.2908, HexNAc-Hex-dHex-NeuGc	6763	6763	0	0	47.014250955856795	47.014250955856795	NaN	NaN
877.3296, HexNAc2-Hex2-dHex (diLacNAc-Fuc)	170	170	0	0	1.1817865832464372	1.1817865832464372	NaN	NaN
