Settings:	ppmTol: , SNthreshold=3, IntensityThreshold=1000, PeakDepthThreshold_HCD=25, PeakDepthThreshold_ETD=50, PeakDepthThreshold_UVPD=25, TICfraction_HCD=0.2, TICfraction_ETD=0.05, TICfraction_UVPD=0.2
version 0.5, Start Time: 20:57:03

	Total	HCD	ETD	UVPD	%Total	%HCD	%ETD	%UVPD
MS/MS Scans	14456	14456	0	0	100	1	0	0
MS/MS Scans with OxoIons	14135	14135	-2147483648	-2147483648	97.77946873270614	97.77946873270614	NaN	NaN
Likely Glyco	13138	13138	0	0	90.88267847260653	90.88267847260653	NaN	NaN
OxoCount_1	32	32	0	0	0.22136137244050913	0.22136137244050913	NaN	NaN
OxoCount_2	34	34	0	0	0.23519645821804097	0.23519645821804097	NaN	NaN
OxoCount_3	27	27	0	0	0.18677365799667958	0.18677365799667958	NaN	NaN
OxoCount_4	38	38	0	0	0.2628666297731046	0.2628666297731046	NaN	NaN
OxoCount_5+	14004	14004	0	0	96.8732706142778	96.8732706142778	NaN	NaN
\\\\\\\\\\\\\\\\\\\\\\\\\\\\\\\\\\\\\\\\\\\\\\\\\\\	\\\\\\\\\\	\\\\\\\\\\	\\\\\\\\\\	\\\\\\\\\\	\\\\\\\\\\	\\\\\\\\\\	\\\\\\\\\\	\\\\\\\\\\
	Total	HCD	ETD	UVPD	%Total	%HCD	%ETD	%UVPD
\\\\\\\\\\\\\\\\\\\\\\ HexNAc \\\\\\\\\\\\\\\\\\\\\	\\\\\\\\\\	\\\\\\\\\\	\\\\\\\\\\	\\\\\\\\\\	\\\\\\\\\\	\\\\\\\\\\	\\\\\\\\\\	\\\\\\\\\\
84.0444, HexNAc - C2H8O4	0	0	0	0	0	0	NaN	NaN
126.055, HexNAc - C2H6O3	14027	14027	0	0	97.03237410071942	97.03237410071942	NaN	NaN
138.055, HexNAc - CH6O3	14108	14108	0	0	97.59269507470947	97.59269507470947	NaN	NaN
144.0655, HexNAc - C2H4O2	13733	13733	0	0	94.99861649142225	94.99861649142225	NaN	NaN
168.0655, HexNAc - 2H2O	14040	14040	0	0	97.12230215827337	97.12230215827337	NaN	NaN
186.0761, HexNAc - H2O	13965	13965	0	0	96.60348644161594	96.60348644161594	NaN	NaN
204.0867, HexNAc	14080	14080	0	0	97.39900387382401	97.39900387382401	NaN	NaN
\\\\\\\\\\\\\\\\\\\\\\ Hex \\\\\\\\\\\\\\\\\\\\\	\\\\\\\\\\	\\\\\\\\\\	\\\\\\\\\\	\\\\\\\\\\	\\\\\\\\\\	\\\\\\\\\\	\\\\\\\\\\	\\\\\\\\\\
85.0284, Hex - C2H6O3	0	0	0	0	0	0	NaN	NaN
97.0284, Hex - CH6O3	0	0	0	0	0	0	NaN	NaN
127.0390, Hex - 2H2O	11930	11930	0	0	82.52628666297731	82.52628666297731	NaN	NaN
145.0495, Hex - H2O	9706	9706	0	0	67.14167127836193	67.14167127836193	NaN	NaN
163.0601, Hex	8188	8188	0	0	56.64084117321527	56.64084117321527	NaN	NaN
\\\\\\\\\\\\\\\\\\\\\\ Sialic \\\\\\\\\\\\\\\\\\\\\	\\\\\\\\\\	\\\\\\\\\\	\\\\\\\\\\	\\\\\\\\\\	\\\\\\\\\\	\\\\\\\\\\	\\\\\\\\\\	\\\\\\\\\\
274.0921, NeuAc-H2O	13899	13899	0	0	96.14692861095739	96.14692861095739	NaN	NaN
292.1027, NeuAc	13635	13635	0	0	94.32069728832319	94.32069728832319	NaN	NaN
316.103, NeuAc[Ac] - H2O	26	26	0	0	0.1798561151079137	0.1798561151079137	NaN	NaN
334.113, NeuAc[Ac]	8	8	0	0	0.05534034311012728	0.05534034311012728	NaN	NaN
290.0870, NeuGc - H2O	195	195	0	0	1.3489208633093526	1.3489208633093526	NaN	NaN
308.0976, NeuGc	90	90	0	0	0.6225788599889319	0.6225788599889319	NaN	NaN
332.098, NeuGc[Ac] - H2O	20	20	0	0	0.1383508577753182	0.1383508577753182	NaN	NaN
350.1081, NeuGc[Ac]	2	2	0	0	0.01383508577753182	0.01383508577753182	NaN	NaN
\\\\\\\\\\\\\\\\\\\\\\ M6P \\\\\\\\\\\\\\\\\\\\\	\\\\\\\\\\	\\\\\\\\\\	\\\\\\\\\\	\\\\\\\\\\	\\\\\\\\\\	\\\\\\\\\\	\\\\\\\\\\	\\\\\\\\\\
243.0264, Man-P	101	101	0	0	0.698671831765357	0.698671831765357	NaN	NaN
405.0798, Man2-P	38	38	0	0	0.2628666297731046	0.2628666297731046	NaN	NaN
\\\\\\\\\\\\\\\\\\\\\\ Oligo \\\\\\\\\\\\\\\\\\\\\	\\\\\\\\\\	\\\\\\\\\\	\\\\\\\\\\	\\\\\\\\\\	\\\\\\\\\\	\\\\\\\\\\	\\\\\\\\\\	\\\\\\\\\\
325.1129, Hex2	987	987	0	0	6.827614831211953	6.827614831211953	NaN	NaN
366.1395, HexNAc-Hex	14008	14008	0	0	96.90094078583287	96.90094078583287	NaN	NaN
407.1660, HexNAc2	1274	1274	0	0	8.81294964028777	8.81294964028777	NaN	NaN
454.1555, Hex-NeuAc	9877	9877	0	0	68.32457111234089	68.32457111234089	NaN	NaN
470.1503, Hex-NeuGc	27	27	0	0	0.18677365799667958	0.18677365799667958	NaN	NaN
495.1821, HexNAc-NeuAc	3066	3066	0	0	21.20918649695628	21.20918649695628	NaN	NaN
511.1769, HexNAc-NeuGc	206	206	0	0	1.4250138350857775	1.4250138350857775	NaN	NaN
528.1923, HexNAc-Hex2	12664	12664	0	0	87.60376314333149	87.60376314333149	NaN	NaN
537.1927, HexNAc-NeuAc[Ac]	35	35	0	0	0.24211400110680686	0.24211400110680686	NaN	NaN
553.1875, HexNAc-NeuGc[Ac]	8	8	0	0	0.05534034311012728	0.05534034311012728	NaN	NaN
569.2188, HexNAc2-Hex	3762	3762	0	0	26.023796347537353	26.023796347537353	NaN	NaN
657.2349, HexNAc-Hex-NeuAc	13247	13247	0	0	91.63669064748201	91.63669064748201	NaN	NaN
673.2297, HexNAc-Hex-NeuGc	89	89	0	0	0.615661317100166	0.615661317100166	NaN	NaN
690.2451, HexNAc-Hex3	7930	7930	0	0	54.85611510791367	54.85611510791367	NaN	NaN
731.2717, HexNAc2-Hex2 (diLacNAc)	7138	7138	0	0	49.377421140011066	49.377421140011066	NaN	NaN
819.2877, HexNAc-Hex2-NeuAc	6343	6343	0	0	43.87797454344217	43.87797454344217	NaN	NaN
835.2825, HexNAc-Hex2-NeuGc	8	8	0	0	0.05534034311012728	0.05534034311012728	NaN	NaN
860.3143, HexNAc2-Hex-NeuAc	25	25	0	0	0.17293857221914777	0.17293857221914777	NaN	NaN
876.3091, HexNAc2-Hex-NeuGc	8	8	0	0	0.05534034311012728	0.05534034311012728	NaN	NaN
893.3245, HexNAc2-Hex3	6812	6812	0	0	47.122302158273385	47.122302158273385	NaN	NaN
948.3303, HexNAc-Hex-NeuAc2	579	579	0	0	4.005257332595462	4.005257332595462	NaN	NaN
964.3251, HexNAc-Hex-NeuGc2	4	4	0	0	0.02767017155506364	0.02767017155506364	NaN	NaN
1022.3671, HexNAc2-Hex2-NeuAc1	374	374	0	0	2.5871610403984504	2.5871610403984504	NaN	NaN
1038.3619, HexNAc2-Hex2-NeuGc1	9	9	0	0	0.06225788599889319	0.06225788599889319	NaN	NaN
1313.4625, HexNAc2-Hex2-NeuAc2	12	12	0	0	0.08301051466519092	0.08301051466519092	NaN	NaN
1329.4573, HexNAc2-Hex2-NeuGc2	8	8	0	0	0.05534034311012728	0.05534034311012728	NaN	NaN
\\\\\\\\\\\\\\\\\\\\\\ Fucose \\\\\\\\\\\\\\\\\\\\\	\\\\\\\\\\	\\\\\\\\\\	\\\\\\\\\\	\\\\\\\\\\	\\\\\\\\\\	\\\\\\\\\\	\\\\\\\\\\	\\\\\\\\\\
350.1446, HexNAc-dHex	1108	1108	0	0	7.664637520752629	7.664637520752629	NaN	NaN
512.1974, HexNAc-Hex-dHex (LeX/A)	4544	4544	0	0	31.4333148865523	31.4333148865523	NaN	NaN
674.2502, HexNAc-Hex2-dHex	266	266	0	0	1.8400664084117322	1.8400664084117322	NaN	NaN
803.2928, HexNAc-Hex-dHex-NeuAc (sLeX/A)	2032	2032	0	0	14.056447149972328	14.056447149972328	NaN	NaN
819.2908, HexNAc-Hex-dHex-NeuGc	6339	6339	0	0	43.850304371887106	43.850304371887106	NaN	NaN
877.3296, HexNAc2-Hex2-dHex (diLacNAc-Fuc)	158	158	0	0	1.092971776425014	1.092971776425014	NaN	NaN
