Settings:	ppmTol: , SNthreshold=3, IntensityThreshold=1000, PeakDepthThreshold_HCD=25, PeakDepthThreshold_ETD=50, PeakDepthThreshold_UVPD=25, TICfraction_HCD=0.2, TICfraction_ETD=0.05, TICfraction_UVPD=0.2
version 0.5, Start Time: 20:57:03

	Total	HCD	ETD	UVPD	%Total	%HCD	%ETD	%UVPD
MS/MS Scans	14378	14378	0	0	100	1	0	0
MS/MS Scans with OxoIons	14153	14153	-2147483648	-2147483648	98.43510919460286	98.43510919460286	NaN	NaN
Likely Glyco	13129	13129	0	0	91.31311726248435	91.31311726248435	NaN	NaN
OxoCount_1	40	40	0	0	0.2782028098483795	0.2782028098483795	NaN	NaN
OxoCount_2	32	32	0	0	0.22256224787870357	0.22256224787870357	NaN	NaN
OxoCount_3	30	30	0	0	0.2086521073862846	0.2086521073862846	NaN	NaN
OxoCount_4	34	34	0	0	0.23647238837112253	0.23647238837112253	NaN	NaN
OxoCount_5+	14017	14017	0	0	97.48921964111837	97.48921964111837	NaN	NaN
\\\\\\\\\\\\\\\\\\\\\\\\\\\\\\\\\\\\\\\\\\\\\\\\\\\	\\\\\\\\\\	\\\\\\\\\\	\\\\\\\\\\	\\\\\\\\\\	\\\\\\\\\\	\\\\\\\\\\	\\\\\\\\\\	\\\\\\\\\\
	Total	HCD	ETD	UVPD	%Total	%HCD	%ETD	%UVPD
\\\\\\\\\\\\\\\\\\\\\\ HexNAc \\\\\\\\\\\\\\\\\\\\\	\\\\\\\\\\	\\\\\\\\\\	\\\\\\\\\\	\\\\\\\\\\	\\\\\\\\\\	\\\\\\\\\\	\\\\\\\\\\	\\\\\\\\\\
84.0444, HexNAc - C2H8O4	0	0	0	0	0	0	NaN	NaN
126.055, HexNAc - C2H6O3	14035	14035	0	0	97.61441090555014	97.61441090555014	NaN	NaN
138.055, HexNAc - CH6O3	14124	14124	0	0	98.23341215746278	98.23341215746278	NaN	NaN
144.0655, HexNAc - C2H4O2	13727	13727	0	0	95.47224926971762	95.47224926971762	NaN	NaN
168.0655, HexNAc - 2H2O	14041	14041	0	0	97.6561413270274	97.6561413270274	NaN	NaN
186.0761, HexNAc - H2O	13979	13979	0	0	97.22492697176241	97.22492697176241	NaN	NaN
204.0867, HexNAc	14091	14091	0	0	98.00389483933787	98.00389483933787	NaN	NaN
\\\\\\\\\\\\\\\\\\\\\\ Hex \\\\\\\\\\\\\\\\\\\\\	\\\\\\\\\\	\\\\\\\\\\	\\\\\\\\\\	\\\\\\\\\\	\\\\\\\\\\	\\\\\\\\\\	\\\\\\\\\\	\\\\\\\\\\
85.0284, Hex - C2H6O3	0	0	0	0	0	0	NaN	NaN
97.0284, Hex - CH6O3	0	0	0	0	0	0	NaN	NaN
127.0390, Hex - 2H2O	11779	11779	0	0	81.92377243010155	81.92377243010155	NaN	NaN
145.0495, Hex - H2O	9471	9471	0	0	65.87147030185004	65.87147030185004	NaN	NaN
163.0601, Hex	8042	8042	0	0	55.93267492001669	55.93267492001669	NaN	NaN
\\\\\\\\\\\\\\\\\\\\\\ Sialic \\\\\\\\\\\\\\\\\\\\\	\\\\\\\\\\	\\\\\\\\\\	\\\\\\\\\\	\\\\\\\\\\	\\\\\\\\\\	\\\\\\\\\\	\\\\\\\\\\	\\\\\\\\\\
274.0921, NeuAc-H2O	13906	13906	0	0	96.71720684378913	96.71720684378913	NaN	NaN
292.1027, NeuAc	13641	13641	0	0	94.8741132285436	94.8741132285436	NaN	NaN
316.103, NeuAc[Ac] - H2O	29	29	0	0	0.2016970371400751	0.2016970371400751	NaN	NaN
334.113, NeuAc[Ac]	10	10	0	0	0.06955070246209487	0.06955070246209487	NaN	NaN
290.0870, NeuGc - H2O	211	211	0	0	1.4675198219502017	1.4675198219502017	NaN	NaN
308.0976, NeuGc	88	88	0	0	0.6120461816664348	0.6120461816664348	NaN	NaN
332.098, NeuGc[Ac] - H2O	16	16	0	0	0.11128112393935179	0.11128112393935179	NaN	NaN
350.1081, NeuGc[Ac]	2	2	0	0	0.013910140492418973	0.013910140492418973	NaN	NaN
\\\\\\\\\\\\\\\\\\\\\\ M6P \\\\\\\\\\\\\\\\\\\\\	\\\\\\\\\\	\\\\\\\\\\	\\\\\\\\\\	\\\\\\\\\\	\\\\\\\\\\	\\\\\\\\\\	\\\\\\\\\\	\\\\\\\\\\
243.0264, Man-P	86	86	0	0	0.5981360411740159	0.5981360411740159	NaN	NaN
405.0798, Man2-P	24	24	0	0	0.16692168590902767	0.16692168590902767	NaN	NaN
\\\\\\\\\\\\\\\\\\\\\\ Oligo \\\\\\\\\\\\\\\\\\\\\	\\\\\\\\\\	\\\\\\\\\\	\\\\\\\\\\	\\\\\\\\\\	\\\\\\\\\\	\\\\\\\\\\	\\\\\\\\\\	\\\\\\\\\\
325.1129, Hex2	991	991	0	0	6.892474613993602	6.892474613993602	NaN	NaN
366.1395, HexNAc-Hex	14005	14005	0	0	97.40575879816387	97.40575879816387	NaN	NaN
407.1660, HexNAc2	1289	1289	0	0	8.965085547364028	8.965085547364028	NaN	NaN
454.1555, Hex-NeuAc	9788	9788	0	0	68.07622756989845	68.07622756989845	NaN	NaN
470.1503, Hex-NeuGc	32	32	0	0	0.22256224787870357	0.22256224787870357	NaN	NaN
495.1821, HexNAc-NeuAc	2979	2979	0	0	20.719154263458062	20.719154263458062	NaN	NaN
511.1769, HexNAc-NeuGc	202	202	0	0	1.4049241897343163	1.4049241897343163	NaN	NaN
528.1923, HexNAc-Hex2	12606	12606	0	0	87.67561552371679	87.67561552371679	NaN	NaN
537.1927, HexNAc-NeuAc[Ac]	29	29	0	0	0.2016970371400751	0.2016970371400751	NaN	NaN
553.1875, HexNAc-NeuGc[Ac]	5	5	0	0	0.034775351231047434	0.034775351231047434	NaN	NaN
569.2188, HexNAc2-Hex	3646	3646	0	0	25.358186117679786	25.358186117679786	NaN	NaN
657.2349, HexNAc-Hex-NeuAc	13252	13252	0	0	92.16859090276812	92.16859090276812	NaN	NaN
673.2297, HexNAc-Hex-NeuGc	91	91	0	0	0.6329113924050633	0.6329113924050633	NaN	NaN
690.2451, HexNAc-Hex3	7943	7943	0	0	55.24412296564195	55.24412296564195	NaN	NaN
731.2717, HexNAc2-Hex2 (diLacNAc)	7190	7190	0	0	50.00695507024621	50.00695507024621	NaN	NaN
819.2877, HexNAc-Hex2-NeuAc	6351	6351	0	0	44.17165113367645	44.17165113367645	NaN	NaN
835.2825, HexNAc-Hex2-NeuGc	14	14	0	0	0.09737098344693282	0.09737098344693282	NaN	NaN
860.3143, HexNAc2-Hex-NeuAc	20	20	0	0	0.13910140492418974	0.13910140492418974	NaN	NaN
876.3091, HexNAc2-Hex-NeuGc	6	6	0	0	0.04173042147725692	0.04173042147725692	NaN	NaN
893.3245, HexNAc2-Hex3	6840	6840	0	0	47.57268048407289	47.57268048407289	NaN	NaN
948.3303, HexNAc-Hex-NeuAc2	554	554	0	0	3.853108916400055	3.853108916400055	NaN	NaN
964.3251, HexNAc-Hex-NeuGc2	5	5	0	0	0.034775351231047434	0.034775351231047434	NaN	NaN
1022.3671, HexNAc2-Hex2-NeuAc1	362	362	0	0	2.517735429127834	2.517735429127834	NaN	NaN
1038.3619, HexNAc2-Hex2-NeuGc1	10	10	0	0	0.06955070246209487	0.06955070246209487	NaN	NaN
1313.4625, HexNAc2-Hex2-NeuAc2	11	11	0	0	0.07650577270830435	0.07650577270830435	NaN	NaN
1329.4573, HexNAc2-Hex2-NeuGc2	0	0	0	0	0	0	NaN	NaN
\\\\\\\\\\\\\\\\\\\\\\ Fucose \\\\\\\\\\\\\\\\\\\\\	\\\\\\\\\\	\\\\\\\\\\	\\\\\\\\\\	\\\\\\\\\\	\\\\\\\\\\	\\\\\\\\\\	\\\\\\\\\\	\\\\\\\\\\
350.1446, HexNAc-dHex	1041	1041	0	0	7.240228126304076	7.240228126304076	NaN	NaN
512.1974, HexNAc-Hex-dHex (LeX/A)	4413	4413	0	0	30.692724996522465	30.692724996522465	NaN	NaN
674.2502, HexNAc-Hex2-dHex	293	293	0	0	2.0378355821393797	2.0378355821393797	NaN	NaN
803.2928, HexNAc-Hex-dHex-NeuAc (sLeX/A)	2025	2025	0	0	14.08401724857421	14.08401724857421	NaN	NaN
819.2908, HexNAc-Hex-dHex-NeuGc	6354	6354	0	0	44.192516344415075	44.192516344415075	NaN	NaN
877.3296, HexNAc2-Hex2-dHex (diLacNAc-Fuc)	145	145	0	0	1.0084851857003756	1.0084851857003756	NaN	NaN
